3969
-2.054247e-04
-1.060054e-04
-1.170401e-04
-2.268057e-04
-2.920717e-04
-3.224696e-04
-8.837984e-05
-1.712714e-04
-2.435142e-04
-5.341711e-05
-6.039767e-05
-2.322575e-04
-2.507043e-04
-2.834504e-04
-4.936069e-05
-1.898292e-04
-2.316716e-04
-1.569396e-04
-1.664056e-04
-2.178147e-04
-3.288814e-04
-3.487164e-04
-1.146267e-04
-1.500410e-04
-2.402163e-04
-5.897900e-05
-5.663998e-05
-1.123997e-04
-1.198541e-04
-1.732748e-04
-1.774402e-04
-2.767973e-04
-2.658248e-04
-3.096869e-04
-3.302202e-04
-3.631098e-04
-3.718370e-04
-4.453401e-05
-3.901239e-05
-7.742362e-05
-9.795693e-05
-1.308465e-04
-1.450246e-04
-2.090237e-04
-1.831141e-04
-2.133296e-04
-2.698988e-04
-2.742047e-04
-3.039143e-04
-2.675842e-05
-3.043631e-05
-2.336274e-04
-2.285107e-04
-2.598822e-04
-2.579243e-05
-1.980136e-04
-2.202667e-04
-1.317297e-04
-1.428373e-04
-2.227451e-04
-3.110839e-04
-3.373116e-04
-1.032219e-04
-1.609705e-04
-2.437672e-04
-8.818173e-05
-2.901642e-05
-1.094162e-04
-1.205613e-04
-1.454414e-04
-2.032374e-04
-3.002196e-04
-2.477772e-04
-3.014679e-04
-3.321676e-04
-3.434603e-04
-3.866791e-04
-6.658694e-05
-2.096479e-05
-7.148099e-05
-1.021807e-04
-1.098276e-04
-1.598666e-04
-2.267116e-04
-1.790611e-04
-1.969575e-04
-2.815349e-04
-2.593659e-04
-3.041673e-04
-7.986721e-05
-8.941655e-05
-2.299806e-04
-2.719189e-04
-3.044220e-04
-7.033224e-05
-1.809035e-04
-2.394612e-04
-1.815366e-04
-1.873771e-04
-2.120337e-04
-3.453946e-04
-3.565061e-04
-1.224164e-04
-1.385256e-04
-2.329169e-04
-2.954596e-05
-8.243717e-05
-1.149444e-04
-1.186788e-04
-2.004316e-04
-1.498167e-04
-2.522941e-04
-2.806669e-04
-3.166966e-04
-3.269833e-04
-3.813414e-04
-3.537894e-04
-2.230717e-05
-5.385440e-05
-8.306391e-05
-9.335065e-05
-1.513545e-04
-1.269770e-04
-1.905195e-04
-1.833671e-04
-2.288688e-04
-2.572087e-04
-2.879728e-04
-2.998614e-04
-3.025729e-05
-2.996012e-05
-5.980510e-05
-6.075439e-05
-9.030220e-05
-9.083522e-05
-2.583584e-04
-2.558257e-04
-2.806719e-04
-2.851221e-04
-3.074356e-04
-3.092487e-04
-2.472571e-05
-2.356245e-05
-4.703919e-05
-5.148943e-05
-7.380291e-05
-7.698537e-05
-2.111627e-04
-2.012340e-04
-2.207787e-04
-2.416598e-04
-2.512758e-04
-2.621091e-04
-2.761992e-05
-5.513620e-05
-2.837357e-05
-1.619888e-04
-1.396754e-04
-1.359680e-04
-8.468521e-05
-8.660256e-05
-5.792258e-05
-1.924859e-04
-1.968431e-04
-1.701725e-04
-2.064603e-04
-1.784870e-04
-2.052496e-04
-1.757006e-04
-1.489380e-04
-1.474777e-04
-2.358623e-04
-2.587698e-04
-2.422928e-04
-3.394617e-04
-3.298457e-04
-3.210917e-04
-2.883188e-04
-2.948449e-04
-2.718418e-04
-3.662254e-04
-3.745147e-04
-3.566094e-04
-3.928095e-04
-3.740297e-04
-3.905067e-04
-3.681923e-04
-3.517154e-04
-3.482678e-04
-1.803998e-05
-3.601751e-05
-1.954053e-05
-1.058290e-04
-9.621301e-05
-8.882845e-05
-5.833190e-05
-6.258161e-05
-4.185492e-05
-1.325928e-04
-1.422514e-04
-1.229767e-04
-1.749872e-04
-1.512774e-04
-1.677544e-04
-1.382054e-04
-1.217284e-04
-1.160045e-04
-1.540940e-04
-1.690606e-04
-1.669034e-04
-2.217808e-04
-2.272166e-04
-2.097787e-04
-1.986096e-04
-2.130766e-04
-1.964524e-04
-2.522779e-04
-2.706538e-04
-2.577137e-04
-3.329344e-04
-3.170168e-04
-3.191740e-04
-2.896250e-04
-2.874678e-04
-2.739517e-04
-1.338336e-05
-1.524793e-05
-2.339704e-04
-2.170737e-04
-2.472378e-04
-1.314803e-05
-2.018177e-04
-2.132621e-04
-1.189256e-04
-1.301929e-04
-2.248852e-04
-3.017251e-04
-3.303070e-04
-9.621724e-05
-1.662021e-04
-2.441173e-04
-1.026610e-04
-1.465352e-05
-1.077634e-04
-1.207385e-04
-1.313049e-04
-2.153240e-04
-3.114967e-04
-2.376375e-04
-2.969148e-04
-3.326552e-04
-3.331276e-04
-3.928235e-04
-7.752124e-05
-1.082506e-05
-6.840351e-05
-1.041439e-04
-9.915215e-05
-1.660111e-04
-2.352277e-04
-1.756271e-04
-1.884788e-04
-2.869434e-04
-2.515629e-04
-3.028653e-04
-6.667471e-05
-7.505365e-05
-2.312319e-04
-2.614392e-04
-2.942823e-04
-6.019252e-05
-1.854569e-04
-2.360272e-04
-1.693207e-04
-1.772374e-04
-2.150292e-04
-3.373027e-04
-3.530721e-04
-1.189824e-04
-1.443538e-04
-2.370294e-04
-4.428410e-05
-6.979277e-05
-1.137276e-04
-1.193247e-04
-1.869445e-04
-1.638304e-04
-2.646749e-04
-2.736622e-04
-3.133447e-04
-3.287623e-04
-3.724075e-04
-3.631975e-04
-3.343691e-05
-4.684979e-05
-8.028297e-05
-9.570052e-05
-1.411694e-04
-1.363850e-04
-1.998692e-04
-1.837172e-04
-2.212072e-04
-2.636825e-04
-2.812261e-04
-3.023603e-04
-4.534962e-05
-1.506829e-05
-5.942106e-05
-6.084383e-05
-7.538674e-05
-1.054912e-04
-2.710367e-04
-2.443441e-04
-2.788707e-04
-2.855407e-04
-2.955873e-04
-3.200805e-04
-3.706130e-05
-1.208081e-05
-4.580896e-05
-5.247889e-05
-6.161188e-05
-8.781720e-05
-2.215253e-04
-1.959737e-04
-2.150062e-04
-2.463023e-04
-2.415916e-04
-2.664648e-04
-1.401009e-05
-5.430317e-05
-4.252754e-05
-1.595421e-04
-1.531152e-04
-1.244864e-04
-7.069711e-05
-9.975535e-05
-5.847934e-05
-1.795334e-04
-2.076749e-04
-1.718075e-04
-2.196131e-04
-1.787491e-04
-1.914384e-04
-1.745730e-04
-1.632688e-04
-1.338678e-04
-2.272227e-04
-2.548615e-04
-2.541829e-04
-3.343348e-04
-3.394468e-04
-3.158314e-04
-2.772072e-04
-3.026823e-04
-2.744536e-04
-3.576455e-04
-3.788703e-04
-3.600354e-04
-4.006469e-04
-3.745787e-04
-3.813581e-04
-3.658297e-04
-3.619529e-04
-3.396282e-04
-9.400396e-06
-3.446658e-05
-2.929076e-05
-1.012730e-04
-1.054713e-04
-8.356810e-05
-4.869592e-05
-7.041901e-05
-4.321556e-05
-1.236701e-04
-1.466070e-04
-1.269736e-04
-1.828246e-04
-1.541838e-04
-1.564659e-04
-1.345917e-04
-1.334417e-04
-1.073649e-04
-1.525399e-04
-1.617828e-04
-1.750942e-04
-2.122337e-04
-2.338306e-04
-2.120276e-04
-1.909551e-04
-2.136798e-04
-2.028371e-04
-2.463674e-04
-2.674669e-04
-2.660891e-04
-3.335375e-04
-3.231069e-04
-3.116964e-04
-2.820526e-04
-2.958355e-04
-2.723977e-04
-4.010735e-05
-4.550584e-05
-2.330562e-04
-2.397245e-04
-2.719688e-04
-3.787904e-05
-1.940161e-04
-2.264112e-04
-1.444051e-04
-1.549239e-04
-2.203875e-04
-3.201390e-04
-3.434561e-04
-1.093663e-04
-1.555817e-04
-2.424651e-04
-7.361630e-05
-4.303014e-05
-1.109622e-04
-1.202664e-04
-1.594360e-04
-1.905930e-04
-2.886494e-04
-2.571853e-04
-3.057267e-04
-3.313557e-04
-3.534576e-04
-3.796744e-04
-5.558761e-05
-3.037281e-05
-7.448868e-05
-1.001177e-04
-1.203959e-04
-1.528620e-04
-2.179741e-04
-1.815600e-04
-2.052438e-04
-2.758515e-04
-2.669156e-04
-3.045175e-04
-9.298172e-05
-1.034303e-04
-2.285047e-04
-2.821330e-04
-3.138300e-04
-7.974027e-05
-1.761735e-04
-2.419601e-04
-1.935752e-04
-1.967851e-04
-2.088312e-04
-3.531493e-04
-3.590050e-04
-1.249153e-04
-1.325622e-04
-2.278948e-04
-1.477897e-05
-9.452378e-05
-1.160489e-04
-1.179170e-04
-2.137230e-04
-1.354538e-04
-2.396669e-04
-2.868113e-04
-3.197392e-04
-3.248851e-04
-3.899030e-04
-3.436497e-04
-1.115565e-05
-5.999888e-05
-8.576375e-05
-9.090963e-05
-1.613918e-04
-1.168373e-04
-1.809838e-04
-1.820650e-04
-2.363069e-04
-2.504837e-04
-2.944384e-04
-2.964274e-04
-1.513542e-05
-4.461610e-05
-6.013075e-05
-6.060562e-05
-1.051295e-04
-7.594339e-05
-2.454278e-04
-2.666576e-04
-2.821989e-04
-2.844251e-04
-3.189836e-04
-2.977670e-04
-1.236599e-05
-3.439428e-05
-4.822348e-05
-5.044969e-05
-8.592187e-05
-6.550373e-05
-2.005939e-04
-2.055897e-04
-2.263356e-04
-2.367813e-04
-2.607146e-04
-2.568488e-04
-4.077272e-05
-5.591539e-05
-1.419189e-05
-1.642774e-04
-1.260991e-04
-1.467998e-04
-9.859061e-05
-7.299273e-05
-5.730926e-05
-2.052505e-04
-1.853615e-04
-1.683712e-04
-1.928505e-04
-1.780505e-04
-2.188604e-04
-1.766567e-04
-1.344617e-04
-1.606304e-04
-2.436997e-04
-2.624255e-04
-2.301661e-04
-3.442572e-04
-3.199225e-04
-3.254474e-04
-2.991489e-04
-2.862053e-04
-2.689647e-04
-3.744477e-04
-3.692543e-04
-3.528352e-04
-3.841699e-04
-3.731156e-04
-3.992740e-04
-3.701954e-04
-3.411343e-04
-3.561052e-04
-2.587738e-05
-3.753328e-05
-9.771225e-06
-1.102817e-04
-8.686073e-05
-9.318413e-05
-6.791092e-05
-5.394203e-05
-4.045340e-05
-1.413859e-04
-1.369910e-04
-1.188597e-04
-1.663476e-04
-1.482234e-04
-1.788791e-04
-1.416842e-04
-1.098963e-04
-1.238419e-04
-1.546971e-04
-1.761734e-04
-1.585496e-04
-2.311114e-04
-2.203807e-04
-2.065918e-04
-2.060702e-04
-2.115226e-04
-1.898760e-04
-2.579421e-04
-2.729027e-04
-2.490866e-04
-3.313803e-04
-3.106172e-04
-3.263400e-04
-2.969146e-04
-2.788194e-04
-2.745549e-04
-1.522528e-05
-1.518776e-05
-3.036163e-05
-3.048127e-05
-4.561762e-05
-4.568486e-05
-2.468753e-04
-2.462718e-04
-2.592469e-04
-2.602637e-04
-2.726353e-04
-2.730355e-04
-1.289986e-05
-1.263910e-05
-2.527141e-05
-2.628826e-05
-3.865980e-05
-3.940281e-05
-2.092423e-04
-2.050182e-04
-2.158201e-04
-2.244983e-04
-2.310761e-04
-2.355153e-04
-1.360563e-05
-2.720245e-05
-1.381460e-05
-1.845470e-04
-1.747683e-04
-1.721286e-04
-9.597355e-05
-9.732960e-05
-8.360201e-05
-1.998029e-04
-2.026257e-04
-1.900243e-04
-2.204746e-04
-2.067635e-04
-2.201513e-04
-2.019331e-04
-1.895616e-04
-1.883450e-04
-2.206733e-04
-2.322999e-04
-2.240574e-04
-3.511218e-04
-3.481539e-04
-3.428957e-04
-2.912096e-04
-2.953234e-04
-2.846318e-04
-3.645102e-04
-3.696594e-04
-3.615423e-04
-4.022179e-04
-3.933859e-04
-4.016284e-04
-3.841978e-04
-3.776201e-04
-3.751969e-04
-8.631572e-06
-1.726290e-05
-9.020388e-06
-1.171463e-04
-1.141784e-04
-1.092630e-04
-6.269831e-05
-6.533651e-05
-5.612055e-05
-1.305347e-04
-1.360267e-04
-1.275668e-04
-1.901762e-04
-1.783490e-04
-1.865915e-04
-1.556866e-04
-1.491088e-04
-1.452100e-04
-1.400797e-04
-1.474604e-04
-1.463813e-04
-2.228904e-04
-2.274599e-04
-2.176683e-04
-1.902551e-04
-1.982595e-04
-1.910816e-04
-2.381464e-04
-2.481654e-04
-2.427159e-04
-3.469487e-04
-3.393302e-04
-3.404093e-04
-2.962147e-04
-2.970412e-04
-2.892749e-04
-1.488998e-05
-2.976757e-05
-1.498645e-05
-8.884251e-05
-7.464727e-05
-7.416800e-05
-4.490454e-05
-4.514912e-05
-3.012342e-05
-1.040985e-04
-1.046651e-04
-8.990327e-05
-1.059054e-04
-9.096879e-05
-1.057499e-04
-9.061295e-05
-7.583183e-05
-7.564622e-05
-2.414623e-04
-2.541840e-04
-2.430218e-04
-3.024685e-04
-2.926898e-04
-2.908116e-04
-2.683798e-04
-2.698400e-04
-2.572177e-04
-3.158569e-04
-3.175753e-04
-3.060782e-04
-3.213358e-04
-3.097026e-04
-3.208648e-04
-3.084927e-04
-2.973306e-04
-2.966038e-04
-1.147534e-05
-2.294601e-05
-1.178383e-05
-6.849303e-05
-5.871438e-05
-5.717891e-05
-3.531806e-05
-3.620736e-05
-2.415587e-05
-8.188143e-05
-8.394263e-05
-7.210278e-05
-9.134885e-05
-7.846460e-05
-8.962679e-05
-7.543097e-05
-6.426878e-05
-6.297107e-05
-1.861639e-04
-1.959725e-04
-1.911621e-04
-2.332003e-04
-2.302324e-04
-2.242127e-04
-2.111094e-04
-2.164230e-04
-2.062991e-04
-2.484563e-04
-2.547098e-04
-2.454884e-04
-2.771792e-04
-2.671444e-04
-2.719548e-04
-2.568178e-04
-2.520075e-04
-2.469201e-04
-8.119183e-05
-6.882028e-05
-6.778059e-05
-1.451377e-05
-1.435984e-05
-2.870901e-05
-4.198340e-05
-2.801042e-05
-4.139827e-05
-1.289538e-04
-1.275887e-04
-1.413253e-04
-1.208979e-04
-1.339142e-04
-1.227520e-04
-1.378890e-04
-1.490512e-04
-1.511570e-04
-1.017916e-04
-8.743483e-05
-1.008227e-04
-2.929549e-05
-4.349073e-05
-4.390885e-05
-7.229787e-05
-7.153242e-05
-8.568572e-05
-2.119132e-04
-1.987344e-04
-2.098966e-04
-1.442098e-04
-1.565813e-04
-1.580858e-04
-1.835974e-04
-1.816541e-04
-1.947596e-04
-1.500368e-04
-1.642320e-04
-1.644733e-04
-2.167148e-04
-2.178940e-04
-2.043433e-04
-1.920968e-04
-2.059555e-04
-1.925677e-04
-1.352550e-04
-1.349242e-04
-1.494503e-04
-1.322887e-04
-1.465311e-04
-1.331432e-04
-1.482802e-04
-1.616681e-04
-1.625478e-04
-2.764278e-04
-2.698501e-04
-2.657744e-04
-2.353761e-04
-2.328848e-04
-2.451547e-04
-2.509324e-04
-2.391943e-04
-2.474368e-04
-3.271638e-04
-3.237012e-04
-3.337416e-04
-3.067283e-04
-3.162422e-04
-3.114319e-04
-3.256277e-04
-3.304381e-04
-3.351060e-04
-3.088592e-04
-2.976776e-04
-3.059201e-04
-2.501578e-04
-2.599365e-04
-2.624338e-04
-2.834818e-04
-2.804814e-04
-2.917243e-04
-3.866018e-04
-3.781127e-04
-3.829230e-04
-3.405522e-04
-3.471300e-04
-3.504649e-04
-3.657406e-04
-3.618698e-04
-3.705510e-04
-3.543087e-04
-3.640874e-04
-3.646217e-04
-3.953605e-04
-3.975113e-04
-3.887827e-04
-3.826693e-04
-3.918494e-04
-3.836069e-04
-3.431461e-04
-3.423073e-04
-3.529247e-04
-3.356229e-04
-3.460330e-04
-3.377905e-04
-3.501626e-04
-3.584051e-04
-3.603549e-04
-5.153567e-05
-4.495791e-05
-4.302213e-05
-1.048391e-05
-1.013251e-05
-2.026255e-05
-2.818011e-05
-1.879943e-05
-2.704195e-05
-9.318839e-05
-9.006853e-05
-9.976615e-05
-7.674134e-05
-8.500424e-05
-8.019387e-05
-9.256592e-05
-9.737629e-05
-1.014734e-04
-7.522651e-05
-6.461582e-05
-7.285833e-05
-2.164655e-05
-3.142519e-05
-3.244690e-05
-5.224377e-05
-5.049450e-05
-6.048628e-05
-1.566149e-04
-1.468746e-04
-1.516850e-04
-1.065768e-04
-1.131545e-04
-1.168322e-04
-1.326788e-04
-1.282371e-04
-1.374892e-04
-1.294165e-04
-1.391952e-04
-1.418694e-04
-1.704683e-04
-1.747590e-04
-1.638905e-04
-1.599170e-04
-1.714545e-04
-1.632120e-04
-1.146348e-04
-1.123204e-04
-1.244135e-04
-1.019902e-04
-1.129712e-04
-1.047287e-04
-1.189245e-04
-1.271671e-04
-1.303680e-04
-1.754734e-04
-1.762999e-04
-1.687105e-04
-1.700989e-04
-1.644045e-04
-1.730668e-04
-1.684575e-04
-1.605771e-04
-1.616562e-04
-2.364334e-04
-2.285186e-04
-2.356069e-04
-1.947086e-04
-2.007482e-04
-2.034674e-04
-2.186044e-04
-2.158852e-04
-2.249677e-04
-2.282656e-04
-2.200015e-04
-2.210806e-04
-1.848806e-04
-1.878485e-04
-1.939535e-04
-2.048646e-04
-1.980065e-04
-2.059437e-04
-2.857240e-04
-2.794498e-04
-2.767306e-04
-2.516894e-04
-2.508629e-04
-2.590157e-04
-2.643128e-04
-2.554648e-04
-2.615936e-04
-3.056219e-04
-3.085898e-04
-3.145179e-04
-3.109964e-04
-3.188239e-04
-3.118229e-04
-3.185709e-04
-3.262135e-04
-3.251343e-04
-2.908401e-04
-2.849689e-04
-2.938080e-04
-2.587627e-04
-2.667891e-04
-2.657099e-04
-2.808469e-04
-2.819260e-04
-2.890219e-04
-6.690117e-06
-1.563199e-02
-4.796596e-01
-2.112750e-04
-4.933194e-01
-6.632019e-06
-2.036461e-04
-2.094457e-04
-1.124793e-04
-1.236769e-04
-2.258730e-04
-2.969347e-04
-3.264905e-04
-9.240080e-05
-1.687574e-04
-2.439349e-04
-1.098640e-04
-7.358615e-06
-1.068975e-04
-2.475247e-01
-1.241877e-04
-2.211433e-04
-3.170218e-04
-2.323055e-04
-2.945292e-04
-6.819715e-01
-3.278386e-04
-8.188605e-01
-8.296067e-05
-5.493077e-06
-1.337398e-01
-1.050875e-04
-9.377744e-05
-1.687531e-04
-2.394002e-04
-1.735635e-04
-3.684752e-01
-2.895429e-04
-2.475687e-04
-6.248835e-01
-6.005324e-05
-6.775874e-05
-2.317730e-04
-2.561030e-04
-2.889503e-04
-5.486053e-05
-1.876659e-04
-2.339636e-04
-1.631501e-04
-1.719054e-04
-2.164483e-04
-3.331327e-04
-3.510085e-04
-1.169188e-04
-1.472154e-04
-2.387394e-04
-5.163785e-05
-6.327676e-05
-1.130775e-04
-1.196040e-04
-1.801317e-04
-1.706892e-04
-2.707692e-04
-2.698458e-04
-3.115539e-04
-3.295315e-04
-3.678035e-04
-3.676155e-04
-3.899022e-05
-4.303335e-05
-7.886292e-05
-9.684054e-05
-1.360246e-04
-1.408030e-04
-2.044714e-04
-1.835347e-04
-2.172949e-04
-2.668232e-04
-2.777493e-04
-3.032559e-04
-5.288010e-05
-7.552075e-06
-5.920726e-05
-1.247356e-01
-6.790049e-05
-1.127128e-04
-2.772774e-04
-2.383735e-04
-2.778679e-04
-5.853829e-01
-2.895542e-04
-3.252394e-04
-4.321627e-05
-6.110222e-06
-4.517700e-05
-5.295447e-05
-5.549306e-05
-9.297612e-05
-2.266261e-04
-1.930105e-04
-2.120408e-04
-2.485336e-04
-2.366605e-04
-2.682979e-04
-7.050326e-06
-5.386671e-05
-4.958981e-05
-1.582602e-04
-1.597799e-04
-1.185158e-04
-6.367632e-05
-1.061442e-04
-5.873634e-05
-1.729906e-04
-2.128339e-04
-1.725623e-04
-2.260020e-04
-3.664513e-01
-1.844618e-04
-1.739451e-04
-1.703753e-04
-1.269081e-04
-2.226125e-04
-2.528137e-04
-2.600356e-04
-3.316486e-04
-3.441236e-04
-3.128683e-04
-2.715492e-04
-3.062905e-04
-2.756591e-04
-3.532241e-04
-7.880958e-01
-3.616168e-04
-8.368470e-01
-7.679182e-01
-3.766435e-04
-3.645143e-04
-3.669398e-04
-3.350181e-04
-4.790214e-06
-6.739572e-02
-3.415574e-05
-1.979968e-01
-1.100625e-04
-8.060496e-05
-4.385951e-05
-7.402720e-05
-4.388014e-05
-1.191629e-04
-1.484402e-04
-1.289258e-04
-1.864328e-04
-1.555807e-04
-1.507636e-04
-1.327353e-04
-1.392501e-04
-1.027548e-04
-1.514081e-04
-3.162875e-01
-1.791260e-04
-4.149129e-01
-2.370524e-04
-2.127974e-04
-1.870574e-04
-2.136239e-04
-2.059555e-04
-2.433215e-04
-5.496712e-01
-2.701799e-04
-6.903447e-01
-3.260339e-04
-3.078429e-04
-2.781626e-04
-2.999115e-04
-2.712658e-04
-3.343696e-05
-3.798962e-05
-2.333703e-04
-2.341462e-04
-2.659982e-04
-3.190846e-05
-1.960388e-04
-2.234481e-04
-1.380843e-04
-1.489533e-04
-2.215933e-04
-3.156500e-04
-3.404929e-04
-1.064032e-04
-1.582955e-04
-2.432349e-04
-8.090889e-05
-3.607038e-05
-1.102026e-04
-1.204286e-04
-1.524573e-04
-1.969819e-04
-2.944704e-04
-2.525751e-04
-3.036344e-04
-3.318022e-04
-3.485015e-04
-3.832826e-04
-6.109473e-05
-2.576262e-05
-7.299374e-05
-1.011615e-04
-1.151258e-04
-1.564702e-04
-2.223700e-04
-1.804281e-04
-2.011252e-04
-2.787273e-04
-2.631729e-04
-3.044615e-04
-8.643501e-05
-9.647051e-05
-2.292707e-04
-2.770598e-04
-3.092198e-04
-7.513008e-05
-1.785603e-04
-2.408283e-04
-1.875788e-04
-1.921750e-04
-2.104581e-04
-3.493146e-04
-3.578731e-04
-1.237834e-04
-1.355605e-04
-2.305184e-04
-2.216517e-05
-8.855320e-05
-1.155107e-04
-1.183124e-04
-2.071026e-04
-1.426754e-04
-2.460105e-04
-2.838482e-04
-3.182567e-04
-3.259740e-04
-3.856693e-04
-3.488086e-04
-1.673345e-05
-5.703574e-05
-8.442414e-05
-9.214139e-05
-1.563922e-04
-1.219962e-04
-1.857744e-04
-1.828348e-04
-2.326162e-04
-2.538772e-04
-2.912412e-04
-2.982605e-04
-2.269913e-05
-3.732119e-05
-5.997525e-05
-6.068741e-05
-9.772776e-05
-8.341517e-05
-2.519238e-04
-2.613256e-04
-2.814698e-04
-2.848084e-04
-3.132479e-04
-3.035863e-04
-1.854812e-05
-2.906230e-05
-4.763715e-05
-5.097578e-05
-7.987214e-05
-7.132303e-05
-2.059034e-04
-2.035261e-04
-2.235845e-04
-2.392497e-04
-2.560264e-04
-2.595908e-04
-3.425670e-05
-5.553257e-05
-2.128533e-05
-1.631530e-04
-1.329035e-04
-1.414679e-04
-9.164910e-05
-7.985149e-05
-5.762296e-05
-1.988925e-04
-1.911808e-04
-1.692925e-04
-1.997092e-04
-1.782905e-04
-2.120809e-04
-1.762001e-04
-1.417171e-04
-1.541144e-04
-2.398832e-04
-2.606294e-04
-2.362583e-04
-3.419012e-04
-3.249238e-04
-3.233838e-04
-2.937697e-04
-2.906233e-04
-2.704363e-04
-3.703818e-04
-3.719964e-04
-3.547656e-04
-3.885879e-04
-3.736183e-04
-3.949386e-04
-3.692390e-04
-3.464671e-04
-3.522888e-04
-2.206094e-05
-3.677988e-05
-1.465767e-05
-1.080686e-04
-9.154804e-05
-9.112052e-05
-6.312911e-05
-5.836005e-05
-4.115918e-05
-1.370061e-04
-1.397331e-04
-1.209330e-04
-1.707656e-04
-1.497687e-04
-1.733379e-04
-1.399619e-04
-1.158265e-04
-1.200255e-04
-1.545147e-04
-1.726381e-04
-1.627464e-04
-2.264738e-04
-2.238260e-04
-2.083018e-04
-2.023646e-04
-2.124182e-04
-1.931878e-04
-2.551412e-04
-2.718962e-04
-2.534311e-04
-3.322759e-04
-3.138553e-04
-3.227964e-04
-2.933056e-04
-2.831782e-04
-2.743724e-04
-2.283358e-05
-7.604729e-06
-3.031316e-05
-6.248981e-02
-3.803161e-05
-5.323817e-05
-2.534097e-04
-2.400163e-04
-2.588342e-04
-5.335630e-01
-2.662912e-04
-2.791515e-04
-1.934851e-05
-6.383584e-06
-2.500161e-05
-2.652658e-05
-3.223005e-05
-4.551885e-05
-2.147807e-04
-2.016218e-04
-2.135174e-04
-2.265321e-04
-2.256989e-04
-2.386966e-04
-6.854556e-06
-2.698373e-05
-2.071979e-05
-1.830641e-04
-1.810948e-04
-1.671478e-04
-8.921625e-05
-1.034456e-04
-8.415388e-05
-1.936137e-04
-2.074235e-04
-1.912785e-04
-2.271114e-04
-4.238831e-01
-2.133318e-04
-2.012069e-04
-1.964235e-04
-1.820895e-04
-2.164517e-04
-2.304334e-04
-2.299879e-04
-3.483007e-04
-3.523730e-04
-3.412948e-04
-2.859731e-04
-2.985048e-04
-2.865103e-04
-3.605522e-04
-7.680642e-01
-3.639283e-04
-8.409529e-01
-8.064746e-01
-3.972674e-04
-3.828164e-04
-3.821962e-04
-3.718005e-04
-4.410018e-06
-3.376378e-02
-1.353183e-05
-2.290277e-01
-1.183118e-04
-1.076622e-04
-5.828347e-05
-6.851785e-05
-5.723321e-05
-1.264910e-04
-1.373938e-04
-1.300957e-04
-1.941971e-04
-1.799647e-04
-1.808114e-04
-1.535393e-04
-1.545066e-04
-1.418136e-04
-1.394212e-04
-2.882888e-01
-1.502560e-04
-4.357453e-01
-2.302165e-04
-2.198394e-04
-1.868339e-04
-1.977272e-04
-1.948694e-04
-2.355604e-04
-5.087697e-01
-2.475271e-04
-7.190930e-01
-3.424042e-04
-3.367129e-04
-2.921294e-04
-3.006410e-04
-2.895691e-04
-7.469930e-06
-2.966039e-05
-2.247603e-05
-8.852293e-05
-8.204192e-05
-6.702672e-05
-3.743690e-05
-5.251020e-05
-3.019404e-05
-9.676934e-05
-1.117191e-04
-9.011373e-05
-1.132664e-04
-1.864943e-01
-9.830457e-05
-9.046862e-05
-8.334370e-05
-6.822617e-05
-2.357999e-04
-2.532700e-04
-2.494542e-04
-3.013808e-04
-2.985924e-04
-2.858308e-04
-2.621348e-04
-2.753399e-04
-2.578195e-04
-3.101773e-04
-3.223732e-04
-3.067944e-04
-3.268356e-04
-6.349169e-01
-3.150952e-04
-3.080018e-04
-3.033266e-04
-2.909414e-04
-5.812999e-06
-2.262935e-05
-1.767529e-05
-6.754823e-05
-6.453119e-05
-5.219811e-05
-2.944385e-05
-4.170720e-05
-2.444378e-05
-7.611613e-05
-8.874047e-05
-7.296175e-05
-9.684870e-05
-7.917557e-05
-8.331625e-05
-7.462605e-05
-7.063570e-05
-5.730873e-05
-1.836456e-04
-1.932696e-04
-1.962220e-04
-2.299840e-04
-2.348755e-04
-2.226118e-04
-2.061969e-04
-2.187151e-04
-2.087563e-04
-2.439885e-04
-2.560768e-04
-2.484124e-04
-2.794713e-04
-2.695646e-04
-2.670646e-04
-2.540778e-04
-2.570897e-04
-2.444018e-04
-8.053935e-05
-7.563796e-05
-6.152508e-05
-2.176775e-05
-7.218564e-06
-2.854477e-05
-4.862018e-05
-2.819544e-05
-3.451331e-05
-1.359121e-04
-1.213332e-04
-1.405175e-04
-1.152355e-04
-1.328382e-04
-1.293758e-04
-1.387991e-04
-1.425270e-04
-1.566569e-04
-1.084283e-04
-8.781900e-05
-9.372406e-05
-2.942432e-05
-3.625800e-05
-5.096282e-05
-7.945991e-05
-6.478135e-05
-8.519586e-05
-2.174131e-04
-1.996074e-04
-2.033947e-04
-1.448433e-04
-1.497276e-04
-1.642019e-04
-1.902435e-04
-1.759918e-04
-1.936464e-04
-3.075886e-01
-1.570435e-04
-1.715272e-04
-2.100018e-04
-2.240100e-04
-2.048214e-04
-1.853457e-04
-2.056277e-04
-1.995383e-04
-1.425533e-04
-1.277830e-04
-1.492123e-04
-1.255376e-04
-1.460041e-04
-1.403276e-04
-1.486272e-04
-1.545917e-04
-1.691846e-04
-2.742068e-04
-2.752921e-04
-2.623780e-04
-2.416062e-04
-2.279040e-04
-2.437535e-04
-2.549534e-04
-2.407730e-04
-2.416791e-04
-3.322783e-04
-3.203048e-04
-3.318341e-04
-3.042100e-04
-3.137014e-04
-3.163004e-04
-3.277767e-04
-3.258047e-04
-3.373981e-04
-3.128802e-04
-2.989851e-04
-3.004192e-04
-2.512566e-04
-2.538878e-04
-2.672317e-04
-2.891986e-04
-2.762599e-04
-2.900570e-04
-8.050500e-01
-3.797734e-04
-3.787651e-04
-3.420480e-04
-3.422626e-04
-3.536463e-04
-3.701728e-04
-3.593515e-04
-3.684332e-04
-7.263631e-01
-3.589822e-04
-3.694196e-04
-3.910675e-04
-8.294733e-01
-3.896923e-04
-3.784478e-04
-3.912258e-04
-3.882556e-04
-3.485103e-04
-3.373265e-04
-3.523630e-04
-3.314014e-04
-3.447888e-04
-3.430710e-04
-3.509818e-04
-3.533796e-04
-3.643759e-04
-1.007645e-01
-4.941219e-05
-3.962571e-05
-1.572627e-05
-5.151704e-06
-1.990397e-05
-3.220107e-05
-1.917232e-05
-2.254371e-05
-9.821711e-05
-8.667211e-05
-9.800154e-05
-7.422305e-05
-1.661928e-01
-8.452148e-05
-9.440099e-05
-9.311373e-05
-1.037654e-04
-7.924747e-05
-6.560939e-05
-6.772824e-05
-2.197954e-05
-2.619819e-05
-3.724473e-05
-5.741970e-05
-4.627294e-05
-5.941634e-05
-1.589069e-04
-1.491328e-04
-1.469861e-04
-1.082154e-04
-1.082014e-04
-1.200136e-04
-1.374819e-04
-1.257188e-04
-1.350575e-04
-1.305891e-04
-1.331023e-04
-1.466673e-04
-1.651876e-04
-1.779404e-04
-1.658427e-04
-1.556955e-04
-1.696252e-04
-1.691202e-04
-1.208206e-04
-1.073396e-04
-1.230860e-04
-9.776868e-05
-1.114130e-04
-1.103801e-04
-1.203412e-04
-1.216006e-04
-1.343890e-04
-3.430511e-01
-1.798554e-04
-1.690047e-04
-1.746013e-04
-1.628037e-04
-1.700058e-04
-1.688781e-04
-1.637603e-04
-1.578944e-04
-2.401296e-04
-2.288129e-04
-2.314400e-04
-1.959509e-04
-3.924603e-01
-2.066483e-04
-2.229377e-04
-2.128579e-04
-2.234908e-04
-2.286863e-04
-2.233838e-04
-2.171051e-04
-1.877230e-04
-1.834772e-04
-1.953206e-04
-2.089961e-04
-1.973480e-04
-2.023014e-04
-5.884262e-01
-2.837459e-04
-2.737256e-04
-2.555588e-04
-2.473452e-04
-2.584835e-04
-2.675160e-04
-2.567072e-04
-2.569671e-04
-3.083905e-04
-3.042627e-04
-3.158850e-04
-3.076194e-04
-6.589006e-01
-3.155370e-04
-3.179124e-04
-3.227331e-04
-3.290745e-04
-2.953868e-04
-2.833681e-04
-2.906734e-04
-2.581043e-04
-2.631096e-04
-2.698638e-04
-2.841921e-04
-2.779728e-04
-2.894425e-04
-2.007334e-05
-2.285328e-05
-2.338274e-04
-2.228194e-04
-2.536267e-04
-1.953691e-05
-1.999400e-04
-2.168703e-04
-1.253430e-04
-1.365818e-04
-2.238425e-04
-3.064419e-04
-3.339152e-04
-9.982544e-05
-1.636063e-04
-2.440614e-04
-9.543303e-05
-2.187514e-05
-1.086031e-04
-1.206647e-04
-1.383901e-04
-2.093535e-04
-3.058955e-04
-2.427964e-04
-2.992279e-04
-3.324520e-04
-3.383353e-04
-3.898604e-04
-7.206288e-05
-1.598398e-05
-6.995079e-05
-1.031749e-04
-1.045026e-04
-1.630479e-04
-2.309979e-04
-1.774602e-04
-1.927417e-04
-2.842739e-04
-2.554955e-04
-3.036351e-04
-7.327991e-05
-8.227527e-05
-2.306344e-04
-2.667116e-04
-2.994412e-04
-6.535144e-05
-1.832026e-04
-2.378604e-04
-1.754501e-04
-1.823963e-04
-2.135575e-04
-3.413903e-04
-3.549052e-04
-1.208155e-04
-1.414570e-04
-2.350879e-04
-3.691954e-05
-7.618165e-05
-1.143499e-04
-1.190163e-04
-1.937117e-04
-1.568706e-04
-2.585161e-04
-2.772704e-04
-3.150591e-04
-3.279128e-04
-3.769205e-04
-3.585873e-04
-2.787545e-05
-5.045798e-05
-8.168341e-05
-9.453712e-05
-1.462798e-04
-1.317748e-04
-1.952182e-04
-1.836613e-04
-2.250655e-04
-2.604774e-04
-2.846342e-04
-3.012284e-04
-3.780807e-05
-2.254007e-05
-5.962036e-05
-6.080653e-05
-8.285458e-05
-9.819629e-05
-2.647299e-04
-2.501634e-04
-2.798055e-04
-2.853662e-04
-3.015483e-04
-3.147485e-04
-3.089728e-05
-1.790011e-05
-4.642974e-05
-5.199051e-05
-6.771566e-05
-8.248522e-05
-2.163704e-04
-1.987157e-04
-2.179190e-04
-2.440108e-04
-2.464638e-04
-2.644012e-04
-2.086885e-05
-5.472636e-05
-3.545488e-05
-1.607851e-04
-1.464132e-04
-1.303057e-04
-7.770065e-05
-9.323934e-05
-5.820807e-05
-1.860324e-04
-2.023430e-04
-1.710109e-04
-2.130971e-04
-1.786399e-04
-1.983682e-04
-1.751582e-04
-1.561224e-04
-1.407266e-04
-2.316407e-04
-2.568470e-04
-2.482682e-04
-3.369394e-04
-3.346871e-04
-3.185735e-04
-2.827975e-04
-2.988659e-04
-2.731810e-04
-3.619797e-04
-3.768067e-04
-3.583662e-04
-3.968304e-04
-3.743499e-04
-3.859795e-04
-3.670558e-04
-3.568777e-04
-3.440463e-04
-1.381842e-05
-3.524635e-05
-2.441863e-05
-1.035637e-04
-1.008545e-04
-8.631016e-05
-5.352044e-05
-6.660257e-05
-4.254043e-05
-1.281471e-04
-1.445434e-04
-1.249904e-04
-1.790081e-04
-1.527493e-04
-1.621300e-04
-1.364152e-04
-1.276006e-04
-1.117830e-04
-1.534355e-04
-1.654419e-04
-1.710197e-04
-2.170338e-04
-2.305517e-04
-2.110211e-04
-1.948061e-04
-2.134973e-04
-1.996691e-04
-2.493531e-04
-2.691769e-04
-2.619334e-04
-3.333550e-04
-3.201009e-04
-3.154737e-04
-2.858737e-04
-2.916873e-04
-2.732933e-04
-4.676794e-05
-5.297762e-05
-2.326853e-04
-2.452443e-04
-2.777881e-04
-4.369835e-05
-1.919461e-04
-2.291533e-04
-1.506907e-04
-1.607432e-04
-2.191278e-04
-3.245498e-04
-3.461981e-04
-1.121084e-04
-1.528301e-04
-2.414586e-04
-6.630575e-05
-4.988891e-05
-1.116946e-04
-1.200749e-04
-1.663757e-04
-1.840770e-04
-2.827579e-04
-2.616033e-04
-3.077444e-04
-3.308283e-04
-3.583275e-04
-3.758580e-04
-5.006692e-05
-3.479083e-05
-7.596542e-05
-9.904940e-05
-1.256365e-04
-1.490455e-04
-2.135249e-04
-1.824556e-04
-2.093122e-04
-2.729085e-04
-2.705932e-04
-3.043350e-04
-9.950572e-05
-1.102890e-04
-2.276830e-04
-2.871374e-04
-3.182480e-04
-8.415829e-05
-1.737437e-04
-2.428557e-04
-1.995243e-04
-2.012032e-04
-2.071532e-04
-7.388172e-01
-7.450332e-01
-2.517205e-01
-2.591643e-01
-9.159135e-01
-7.389156e-06
-1.003431e-04
-1.165587e-04
-1.174929e-04
-2.202912e-04
-2.626406e-01
-2.332648e-04
-2.895534e-04
-3.211436e-04
-3.237168e-04
-8.157057e-01
-6.933260e-01
-5.575118e-06
-1.255399e-01
-8.708243e-05
-8.965568e-05
-1.663519e-04
-1.115053e-04
-1.761491e-04
-3.622503e-01
-2.399398e-04
-2.470291e-04
-6.159925e-01
-2.943638e-04
-7.568013e-06
-5.183772e-05
-6.027157e-05
-6.050903e-05
-1.125055e-04
-1.402304e-01
-2.388718e-04
-2.718165e-04
-2.828592e-04
-2.839724e-04
-3.246416e-04
-5.979884e-01
-6.180843e-06
-3.955320e-05
-4.879804e-05
-4.991128e-05
-9.195062e-05
-5.953314e-05
-1.952354e-04
-2.074228e-04
-2.290316e-04
-2.342550e-04
-2.653391e-04
-2.538856e-04
-4.716160e-05
-5.628455e-05
-7.094994e-06
-1.653617e-04
-1.192640e-04
-1.519588e-04
-1.055081e-04
-6.603296e-05
-5.698158e-05
-2.115584e-04
-1.793909e-04
-1.674088e-04
-3.809523e-01
-1.777671e-04
-2.255865e-04
-1.770701e-04
-1.271734e-04
-1.670193e-04
-2.473079e-04
-2.641574e-04
-2.240177e-04
-3.465291e-04
-3.148431e-04
-3.272805e-04
-3.044551e-04
-2.815951e-04
-2.674274e-04
-7.833736e-01
-3.662912e-04
-3.508186e-04
-7.778445e-01
-3.725218e-04
-8.353091e-01
-3.710615e-04
-3.357183e-04
-3.597134e-04
-5.900730e-02
-3.827750e-05
-4.882396e-06
-1.124679e-04
-8.215220e-05
-1.901135e-01
-7.267614e-05
-4.933184e-05
-3.973775e-05
-1.457313e-04
-1.340279e-04
-1.167575e-04
-1.617374e-04
-1.466419e-04
-1.843767e-04
-1.433719e-04
-1.039393e-04
-1.274501e-04
-3.093994e-01
-1.796656e-04
-1.543142e-04
-2.356926e-04
-2.168817e-04
-4.094483e-01
-2.097255e-04
-2.103907e-04
-1.865178e-04
-5.396409e-01
-2.736725e-04
-2.446813e-04
-3.302484e-04
-3.073033e-04
-6.827317e-01
-3.004511e-04
-2.743926e-04
-2.744990e-04
-7.613258e-06
-2.274108e-05
-3.040268e-05
-3.046251e-05
-5.319250e-05
-7.808365e-02
-2.402807e-04
-2.523878e-04
-2.595962e-04
-2.601047e-04
-2.789127e-04
-5.467214e-01
-6.448070e-06
-1.875513e-05
-2.553503e-05
-2.604352e-05
-4.508012e-05
-3.314730e-05
-2.036528e-04
-2.081995e-04
-2.180700e-04
-2.224097e-04
-2.363968e-04
-2.321189e-04
-2.024241e-05
-2.741453e-05
-6.906039e-06
-1.859847e-04
-1.683991e-04
-1.769264e-04
-1.027074e-04
-9.107409e-05
-8.302972e-05
-2.059435e-04
-1.976449e-04
-1.887237e-04
-4.379910e-01
-2.066371e-04
-2.269171e-04
-2.026100e-04
-1.826534e-04
-1.944610e-04
-2.246942e-04
-2.341096e-04
-2.180721e-04
-3.538571e-04
-3.438498e-04
-3.442627e-04
-2.963749e-04
-2.919270e-04
-2.826838e-04
-7.625843e-01
-3.680586e-04
-3.590680e-04
-8.156273e-01
-3.931457e-04
-8.402339e-01
-3.854855e-04
-3.729517e-04
-3.783783e-04
-2.533005e-02
-1.765359e-05
-4.506741e-06
-1.197960e-04
-1.100172e-04
-2.213492e-01
-6.709784e-05
-6.194009e-05
-5.499419e-05
-1.345466e-04
-1.344259e-04
-1.250069e-04
-1.859546e-04
-1.766896e-04
-1.923260e-04
-1.577958e-04
-1.436746e-04
-1.483914e-04
-2.811088e-01
-1.507956e-04
-1.424709e-04
-2.279315e-04
-2.246478e-04
-4.306936e-01
-1.936299e-04
-1.985537e-04
-1.872472e-04
-4.982275e-01
-2.503365e-04
-2.378454e-04
-3.462902e-04
-3.361733e-04
-7.121649e-01
-3.002277e-04
-2.933689e-04
-2.887426e-04
-2.225105e-05
-2.986749e-05
-7.493215e-06
-8.914041e-05
-6.723439e-05
-8.122196e-05
-5.236121e-05
-3.772907e-05
-3.004544e-05
-1.114023e-04
-9.752382e-05
-8.967085e-05
-2.018295e-01
-9.091310e-05
-1.131694e-04
-9.073516e-05
-6.830144e-05
-8.300729e-05
-2.469621e-04
-2.550360e-04
-2.365301e-04
-3.034823e-04
-2.867158e-04
-2.956094e-04
-2.745594e-04
-2.641777e-04
-2.565530e-04
-3.214593e-04
-3.125945e-04
-3.052874e-04
-6.469203e-01
-3.095134e-04
-3.265561e-04
-3.089084e-04
-2.912619e-04
-3.021036e-04
-1.697519e-05
-2.325707e-05
-5.889480e-06
-6.942111e-05
-5.288324e-05
-6.197675e-05
-4.118365e-05
-3.054502e-05
-2.386207e-05
-8.762674e-05
-7.896182e-05
-7.122621e-05
-8.568651e-05
-7.773447e-05
-9.591544e-05
-7.621747e-05
-5.788617e-05
-6.847092e-05
-1.884559e-04
-1.986275e-04
-1.860555e-04
-2.363596e-04
-2.255331e-04
-2.255797e-04
-2.159704e-04
-2.139047e-04
-2.037914e-04
-2.528633e-04
-2.531089e-04
-2.425044e-04
-2.746610e-04
-2.646591e-04
-2.767786e-04
-2.594951e-04
-2.468637e-04
-2.492122e-04
-8.182449e-05
-6.198581e-05
-7.389663e-05
-7.256243e-06
-2.141381e-05
-2.886624e-05
-3.523233e-05
-2.781857e-05
-4.827313e-05
-1.219640e-04
-1.337048e-04
-1.420987e-04
-1.263977e-04
-1.349576e-04
-1.160983e-04
-1.369452e-04
-1.555390e-04
-1.454947e-04
-9.504049e-05
-8.702932e-05
-1.078967e-04
-2.915951e-05
-5.071285e-05
-3.676758e-05
-6.511817e-05
-7.816920e-05
-8.615466e-05
-2.062509e-04
-1.978129e-04
-2.163472e-04
-1.435411e-04
-1.633968e-04
-1.518303e-04
-1.769065e-04
-1.871540e-04
-1.958253e-04
-1.499450e-04
-1.713804e-04
-3.224260e-01
-2.233750e-04
-2.116385e-04
-2.038152e-04
-1.987336e-04
-2.062331e-04
-1.855500e-04
-1.279238e-04
-1.419782e-04
-1.496517e-04
-1.389254e-04
-1.470223e-04
-1.259264e-04
-1.478970e-04
-1.687049e-04
-1.557967e-04
-2.785814e-04
-2.643422e-04
-2.689558e-04
-2.290885e-04
-2.376826e-04
-2.464961e-04
-2.467109e-04
-2.375573e-04
-2.531342e-04
-3.219695e-04
-3.268825e-04
-3.355676e-04
-3.090203e-04
-3.187059e-04
-3.064873e-04
-3.233992e-04
-3.349908e-04
-3.325877e-04
-3.046376e-04
-2.962974e-04
-3.113464e-04
-2.489979e-04
-2.659216e-04
-2.574530e-04
-2.776957e-04
-2.845024e-04
-2.933204e-04
-3.840835e-04
-3.763596e-04
-8.011038e-01
-3.389733e-04
-3.519127e-04
-3.470685e-04
-3.612191e-04
-3.641618e-04
-3.725783e-04
-3.540923e-04
-3.691036e-04
-7.370243e-01
-8.271223e-01
-3.941149e-04
-3.877782e-04
-3.866903e-04
-3.923773e-04
-3.788646e-04
-3.376981e-04
-3.471052e-04
-3.534002e-04
-3.396439e-04
-3.471928e-04
-3.324275e-04
-3.492578e-04
-3.633431e-04
-3.561334e-04
-5.270147e-05
-4.049265e-05
-9.245412e-02
-5.238986e-06
-1.493035e-05
-2.061619e-05
-2.395856e-05
-1.842195e-05
-3.153358e-05
-8.813691e-05
-9.324987e-05
-1.015064e-04
-1.581355e-01
-8.692695e-05
-7.584669e-05
-9.070826e-05
-1.016151e-04
-9.895507e-05
-7.100496e-05
-6.360648e-05
-7.797064e-05
-2.130827e-05
-3.664453e-05
-2.746609e-05
-4.705509e-05
-5.451546e-05
-6.154146e-05
-1.540966e-04
-1.445807e-04
-1.563469e-04
-1.049121e-04
-1.180800e-04
-1.134358e-04
-1.278434e-04
-1.305291e-04
-1.398874e-04
-1.282124e-04
-1.452540e-04
-1.368886e-04
-1.757074e-04
-1.713626e-04
-1.618983e-04
-1.639380e-04
-1.732420e-04
-1.572639e-04
-1.084210e-04
-1.171182e-04
-1.257106e-04
-1.060112e-04
-1.145019e-04
-9.905178e-05
-1.174789e-04
-1.327024e-04
-1.261465e-04
-1.794421e-04
-1.727013e-04
-3.364818e-01
-1.655549e-04
-1.657716e-04
-1.760854e-04
-1.677990e-04
-1.573548e-04
-1.653786e-04
-2.326795e-04
-2.279864e-04
-2.397163e-04
-3.866041e-01
-2.052885e-04
-2.002369e-04
-2.142177e-04
-2.188597e-04
-2.262101e-04
-2.276072e-04
-2.165655e-04
-2.250022e-04
-1.819931e-04
-1.921739e-04
-1.923527e-04
-2.006830e-04
-1.984272e-04
-2.095357e-04
-2.869663e-04
-2.750854e-04
-5.789471e-01
-2.477585e-04
-2.543194e-04
-2.593100e-04
-2.610451e-04
-2.539879e-04
-2.661562e-04
-3.027786e-04
-3.128415e-04
-3.129171e-04
-6.506325e-01
-3.191181e-04
-3.080327e-04
-3.189916e-04
-3.296142e-04
-3.211148e-04
-2.862225e-04
-2.863360e-04
-2.968709e-04
-2.591834e-04
-2.704034e-04
-2.614912e-04
-2.774332e-04
-2.858104e-04
-2.883634e-04
-7.624739e-06
-7.619929e-06
-1.523846e-05
-3.126017e-02
-2.286739e-05
-4.688071e-02
-2.406335e-04
-2.404864e-04
-2.470867e-04
-5.068588e-01
-2.537817e-04
-5.202744e-01
-6.572302e-06
-6.510981e-06
-1.302554e-05
-1.326732e-05
-1.972055e-05
-1.989938e-05
-2.075652e-04
-2.056341e-04
-2.112780e-04
-2.151942e-04
-2.189069e-04
-2.208901e-04
-6.746581e-06
-1.349614e-05
-6.801399e-06
-1.952040e-04
-1.906893e-04
-1.891571e-04
-1.011560e-04
-1.019441e-04
-9.526030e-05
-2.028329e-04
-2.044131e-04
-1.983183e-04
-4.658827e-01
-4.519920e-01
-2.272502e-04
-2.145497e-04
-2.086540e-04
-2.079037e-04
-2.130527e-04
-2.189002e-04
-2.147784e-04
-3.561206e-04
-3.551067e-04
-3.522537e-04
-2.918987e-04
-2.941727e-04
-2.890457e-04
-7.510674e-01
-7.569183e-01
-3.618018e-04
-1.674701e+00
-8.245808e-01
-8.414666e-01
-3.914111e-04
-3.885581e-04
-3.871610e-04
-8.446093e-03
-1.689013e-02
-4.312219e-06
-2.442152e-01
-1.210456e-04
-2.366504e-01
-6.420903e-05
-6.566145e-05
-6.135609e-05
-1.287545e-04
-1.316666e-04
-1.277406e-04
-1.977967e-04
-1.918991e-04
-1.960208e-04
-1.637214e-04
-1.608685e-04
-1.586497e-04
-2.665448e-01
-2.738602e-01
-1.363376e-04
-4.455282e-01
-2.254202e-04
-4.406905e-01
-1.852945e-04
-1.894854e-04
-1.861828e-04
-4.767807e-01
-4.875636e-01
-2.330491e-04
-7.324207e-01
-3.500917e-04
-7.258454e-01
-2.986883e-04
-2.995766e-04
-2.954449e-04
-7.417894e-06
-1.483628e-05
-7.444821e-06
-1.030582e-04
-9.614813e-05
-9.580228e-05
-5.202493e-05
-5.219944e-05
-4.476578e-05
-1.106872e-04
-1.110583e-04
-1.037771e-04
-2.323485e-01
-2.171155e-01
-1.133358e-04
-1.053232e-04
-9.806404e-05
-9.790786e-05
-2.341671e-04
-2.405940e-04
-2.350122e-04
-3.127015e-04
-3.081869e-04
-3.070787e-04
-2.727975e-04
-2.737118e-04
-2.675514e-04
-3.193965e-04
-3.204671e-04
-3.148819e-04
-6.704505e-01
-6.587659e-01
-3.270354e-04
-3.195711e-04
-3.143250e-04
-3.138247e-04
-5.655799e-06
-1.131687e-05
-5.735099e-06
-7.864035e-05
-7.412570e-05
-7.310321e-05
-4.010652e-05
-4.065005e-05
-3.486043e-05
-8.533537e-05
-8.649161e-05
-8.082071e-05
-9.864406e-05
-9.217654e-05
-9.775831e-05
-8.688014e-05
-8.163405e-05
-8.076295e-05
-1.786918e-04
-1.835963e-04
-1.811908e-04
-2.386231e-04
-2.376092e-04
-2.343321e-04
-2.103236e-04
-2.131730e-04
-2.083750e-04
-2.462520e-04
-2.495881e-04
-2.452381e-04
-2.846513e-04
-2.796903e-04
-2.820958e-04
-2.636219e-04
-2.616732e-04
-2.588814e-04
-9.376420e-05
-8.786853e-05
-8.716241e-05
-7.326277e-06
-7.292150e-06
-1.458543e-05
-4.927861e-05
-4.226063e-05
-4.895537e-05
-1.231359e-04
-1.225649e-04
-1.295892e-04
-1.134258e-04
-1.199264e-04
-1.143446e-04
-1.253080e-04
-1.312037e-04
-1.320697e-04
-1.094121e-04
-1.022388e-04
-1.089335e-04
-1.471804e-05
-2.197719e-05
-2.207387e-05
-6.574406e-05
-6.543910e-05
-7.265417e-05
-2.193853e-04
-2.128441e-04
-2.184259e-04
-1.307649e-04
-1.372181e-04
-1.378209e-04
-1.786063e-04
-1.777781e-04
-1.845020e-04
-2.776923e-01
-1.427627e-04
-2.926762e-01
-2.219415e-04
-2.226854e-04
-2.160458e-04
-1.848016e-04
-1.917910e-04
-1.850963e-04
-1.281118e-04
-1.280334e-04
-1.353709e-04
-1.246681e-04
-1.318129e-04
-1.251181e-04
-1.341811e-04
-1.410912e-04
-1.414214e-04
-2.845069e-04
-2.816540e-04
-2.793910e-04
-2.312896e-04
-2.302172e-04
-2.365357e-04
-2.584045e-04
-2.525885e-04
-2.567103e-04
-3.250628e-04
-3.235556e-04
-3.287755e-04
-2.994331e-04
-3.042638e-04
-3.018584e-04
-3.179158e-04
-3.207687e-04
-3.228856e-04
-3.157182e-04
-3.102158e-04
-3.143376e-04
-2.386813e-04
-2.439274e-04
-2.449989e-04
-2.803637e-04
-2.790638e-04
-2.848783e-04
-8.123519e-01
-3.882998e-04
-8.087997e-01
-3.317578e-04
-3.354706e-04
-3.369440e-04
-3.646894e-04
-3.629986e-04
-3.675423e-04
-7.045113e-01
-3.490218e-04
-7.155245e-01
-8.218153e-01
-8.245695e-01
-3.941401e-04
-3.773371e-04
-3.820603e-04
-3.779386e-04
-3.381937e-04
-3.379871e-04
-3.434398e-04
-3.291066e-04
-3.344161e-04
-3.302943e-04
-3.404228e-04
-3.449375e-04
-3.457445e-04
-1.173094e-01
-5.577408e-05
-1.090503e-01
-5.409694e-06
-5.324990e-06
-1.065578e-05
-3.351231e-05
-2.873895e-05
-3.286071e-05
-9.100161e-05
-8.958019e-05
-9.471438e-05
-1.419070e-01
-1.500395e-01
-7.258128e-05
-8.522482e-05
-8.807776e-05
-8.982387e-05
-8.174279e-05
-7.638320e-05
-8.050496e-05
-1.099170e-05
-1.623779e-05
-1.648763e-05
-4.858472e-05
-4.782574e-05
-5.309938e-05
-1.639101e-04
-1.590227e-04
-1.614282e-04
-9.769662e-05
-1.014094e-04
-1.029686e-04
-1.319984e-04
-1.299368e-04
-1.348514e-04
-1.178958e-04
-1.231419e-04
-1.242576e-04
-1.711132e-04
-1.734314e-04
-1.682602e-04
-1.524449e-04
-1.582108e-04
-1.540890e-04
-1.105041e-04
-1.094759e-04
-1.157502e-04
-9.513119e-05
-1.005835e-04
-9.646171e-05
-1.086439e-04
-1.131586e-04
-1.145065e-04
-3.559369e-01
-1.787910e-04
-3.495367e-01
-1.709355e-04
-1.682657e-04
-1.728841e-04
-1.757527e-04
-1.717968e-04
-1.723365e-04
-2.402414e-04
-2.364893e-04
-2.403047e-04
-3.746101e-01
-3.806536e-01
-1.916171e-04
-2.162306e-04
-2.153423e-04
-2.196109e-04
-2.358862e-04
-2.317750e-04
-2.323146e-04
-1.783272e-04
-1.802759e-04
-1.830475e-04
-2.072051e-04
-2.039690e-04
-2.082190e-04
-6.069512e-01
-2.901166e-04
-5.977617e-01
-2.478703e-04
-2.479336e-04
-2.517453e-04
-2.695288e-04
-2.653194e-04
-2.686405e-04
-2.991128e-04
-3.010614e-04
-3.037887e-04
-6.336219e-01
-6.422056e-01
-3.069683e-04
-3.112757e-04
-3.151721e-04
-3.146325e-04
-2.917210e-04
-2.890070e-04
-2.936696e-04
-2.511422e-04
-2.551939e-04
-2.546543e-04
-2.756422e-04
-2.766561e-04
-2.799513e-04
-7.582104e-06
-1.516344e-05
-7.594344e-06
-4.543328e-05
-3.793836e-05
-3.787784e-05
-2.277747e-05
-2.280831e-05
-1.520838e-05
-5.306221e-05
-5.313384e-05
-4.556729e-05
-1.092103e-01
-9.365843e-02
-5.327085e-05
-4.565681e-05
-3.808771e-05
-3.806431e-05
-2.393117e-04
-2.458798e-04
-2.396933e-04
-2.715359e-04
-2.656402e-04
-2.652174e-04
-2.527902e-04
-2.531308e-04
-2.466036e-04
-2.782309e-04
-2.786058e-04
-2.723353e-04
-5.726345e-01
-5.597463e-01
-2.793222e-04
-2.728687e-04
-2.666822e-04
-2.665192e-04
-6.249954e-06
-1.250407e-05
-6.317541e-06
-3.747474e-05
-3.157908e-05
-3.124199e-05
-1.895757e-05
-1.915537e-05
-1.277104e-05
-4.416976e-05
-4.463039e-05
-3.827410e-05
-4.636286e-05
-3.975993e-05
-4.594646e-05
-3.903607e-05
-3.284955e-05
-3.254377e-05
-1.974125e-04
-2.028308e-04
-1.995415e-04
-2.239956e-04
-2.211426e-04
-2.187832e-04
-2.104448e-04
-2.126387e-04
-2.071555e-04
-2.316245e-04
-2.340392e-04
-2.287716e-04
-2.431209e-04
-2.376489e-04
-2.409382e-04
-2.333242e-04
-2.300349e-04
-2.278947e-04
-4.044497e-05
-3.399173e-05
-3.371847e-05
-7.003936e-06
-6.955837e-06
-1.391404e-05
-2.056567e-05
-1.371179e-05
-2.040653e-05
-1.707782e-04
-1.696094e-04
-1.760243e-04
-1.645229e-04
-1.707455e-04
-1.658556e-04
-1.734696e-04
-1.783595e-04
-1.797491e-04
-1.048461e-04
-9.797207e-05
-1.041586e-04
-7.025352e-05
-7.670675e-05
-7.721312e-05
-9.047685e-05
-8.985752e-05
-9.666338e-05
-2.102313e-04
-2.039630e-04
-2.088529e-04
-1.784072e-04
-1.836533e-04
-1.848654e-04
-1.963489e-04
-1.950051e-04
-2.012389e-04
-3.953603e-01
-1.998314e-04
-4.096717e-01
-2.263623e-04
-2.266673e-04
-2.199090e-04
-2.135145e-04
-2.203399e-04
-2.136451e-04
-1.836473e-04
-1.831727e-04
-1.901005e-04
-1.808285e-04
-1.876677e-04
-1.814811e-04
-1.889763e-04
-1.951629e-04
-1.958171e-04
-2.417416e-04
-2.380288e-04
-2.361163e-04
-2.211529e-04
-2.196393e-04
-2.256676e-04
-2.282789e-04
-2.223925e-04
-2.265142e-04
-3.487072e-04
-3.463208e-04
-3.506558e-04
-3.359357e-04
-3.401407e-04
-3.386566e-04
-3.455670e-04
-3.470511e-04
-3.497548e-04
-3.025453e-04
-2.972725e-04
-3.005617e-04
-2.754683e-04
-2.791811e-04
-2.810236e-04
-2.900130e-04
-2.880282e-04
-2.933023e-04
-7.784601e-01
-3.720990e-04
-7.733565e-01
-3.554022e-04
-3.573508e-04
-3.597092e-04
-3.656455e-04
-3.631431e-04
-3.671296e-04
-7.875810e-01
-3.888254e-04
-7.971251e-01
-8.381807e-01
-8.393098e-01
-4.011866e-04
-3.976075e-04
-4.019722e-04
-3.978505e-04
-3.749807e-04
-3.740119e-04
-3.786935e-04
-3.692261e-04
-3.738478e-04
-3.705586e-04
-3.764545e-04
-3.797437e-04
-3.810165e-04
-5.060446e-02
-2.157277e-05
-4.218927e-02
-4.696862e-06
-4.602363e-06
-9.211517e-06
-1.324194e-05
-8.827058e-06
-1.294882e-05
-1.146460e-04
-1.123453e-04
-1.165946e-04
-2.058318e-01
-2.136166e-01
-1.052809e-04
-1.117344e-04
-1.132185e-04
-1.157793e-04
-7.130734e-05
-6.663185e-05
-6.992113e-05
-4.777868e-05
-5.149145e-05
-5.251236e-05
-6.073595e-05
-5.951697e-05
-6.402523e-05
-1.429868e-04
-1.387233e-04
-1.402074e-04
-1.213410e-04
-1.232897e-04
-1.257337e-04
-1.318129e-04
-1.291677e-04
-1.332970e-04
-1.678547e-04
-1.723693e-04
-1.739309e-04
-1.884433e-04
-1.904079e-04
-1.847306e-04
-1.825705e-04
-1.884068e-04
-1.842851e-04
-1.472911e-04
-1.455006e-04
-1.510038e-04
-1.379881e-04
-1.432072e-04
-1.399179e-04
-1.471774e-04
-1.504667e-04
-1.525052e-04
-3.024358e-01
-1.510972e-04
-2.953983e-01
-1.484650e-04
-1.454857e-04
-1.494789e-04
-1.470397e-04
-1.432480e-04
-1.437876e-04
-2.340990e-04
-2.294014e-04
-2.322730e-04
-4.202762e-01
-4.255369e-01
-2.149773e-04
-2.225913e-04
-2.203063e-04
-2.252889e-04
-2.057760e-04
-2.021896e-04
-2.017763e-04
-1.873590e-04
-1.874223e-04
-1.911375e-04
-1.946943e-04
-1.907874e-04
-1.942810e-04
-5.294789e-01
-2.530847e-04
-5.191877e-01
-2.417279e-04
-2.399019e-04
-2.446574e-04
-2.454706e-04
-2.405449e-04
-2.431856e-04
-3.343823e-04
-3.353962e-04
-3.384346e-04
-6.977890e-01
-7.050631e-01
-3.370145e-04
-3.399886e-04
-3.437209e-04
-3.431813e-04
-3.007528e-04
-2.970971e-04
-3.008160e-04
-2.817584e-04
-2.852853e-04
-2.856986e-04
-2.931938e-04
-2.927805e-04
-2.967470e-04
-4.445553e-05
-3.719638e-05
-3.706248e-05
-7.534293e-06
-7.514671e-06
-1.502921e-05
-2.240650e-05
-1.494004e-05
-2.233150e-05
-6.760045e-05
-6.742565e-05
-7.485960e-05
-6.656234e-05
-7.390117e-05
-6.680269e-05
-7.441672e-05
-8.151521e-05
-8.178855e-05
-5.276967e-05
-4.525490e-05
-5.264636e-05
-1.510370e-05
-2.259861e-05
-2.265163e-05
-3.764086e-05
-3.754347e-05
-4.503233e-05
-1.122708e-04
-1.049101e-04
-1.120086e-04
-7.522938e-05
-8.248853e-05
-8.268165e-05
-9.729606e-05
-9.704454e-05
-1.043945e-04
-1.556910e-01
-8.346628e-05
-1.711135e-01
-1.128926e-04
-1.130448e-04
-1.056334e-04
-9.838884e-05
-1.058406e-04
-9.844909e-05
-6.840196e-05
-6.836005e-05
-7.589687e-05
-6.802567e-05
-7.552570e-05
-6.813424e-05
-7.574827e-05
-8.313973e-05
-8.325188e-05
-2.656987e-04
-2.604526e-04
-2.595160e-04
-2.378171e-04
-2.372025e-04
-2.437127e-04
-2.486842e-04
-2.422716e-04
-2.478534e-04
-2.882758e-04
-2.875309e-04
-2.935219e-04
-2.838515e-04
-2.897659e-04
-2.848759e-04
-2.917863e-04
-2.966763e-04
-2.976706e-04
-2.766991e-04
-2.704714e-04
-2.760532e-04
-2.449158e-04
-2.508115e-04
-2.513983e-04
-2.635610e-04
-2.628800e-04
-2.691428e-04
-3.239645e-04
-3.183183e-04
-3.232083e-04
-2.949708e-04
-3.002169e-04
-3.009193e-04
-3.118648e-04
-3.110590e-04
-3.167548e-04
-6.104480e-01
-3.037719e-04
-6.227584e-01
-3.257579e-04
-3.261968e-04
-3.205118e-04
-3.153649e-04
-3.211395e-04
-3.155577e-04
-2.916895e-04
-2.915113e-04
-2.975851e-04
-2.900875e-04
-2.961317e-04
-2.905499e-04
-2.970034e-04
-3.025852e-04
-3.029929e-04
-3.391974e-05
-2.867365e-05
-2.827800e-05
-6.038109e-06
-5.964522e-06
-1.193377e-05
-1.744617e-05
-1.163100e-05
-1.721278e-05
-5.421462e-05
-5.355547e-05
-5.946071e-05
-5.078977e-05
-5.639015e-05
-5.150023e-05
-5.795372e-05
-6.284364e-05
-6.369519e-05
-4.272364e-05
-3.663880e-05
-4.222057e-05
-1.222489e-05
-1.812055e-05
-1.833657e-05
-3.018530e-05
-2.981821e-05
-3.576708e-05
-9.090268e-05
-8.494262e-05
-8.983254e-05
-6.090963e-05
-6.615572e-05
-6.694386e-05
-7.803223e-05
-7.708359e-05
-8.292215e-05
-6.609729e-05
-7.199295e-05
-7.264530e-05
-9.397892e-05
-9.495877e-05
-8.873283e-05
-8.412694e-05
-9.049887e-05
-8.491709e-05
-5.899851e-05
-5.844948e-05
-6.489418e-05
-5.611203e-05
-6.229908e-05
-5.671731e-05
-6.362769e-05
-6.920947e-05
-6.993112e-05
-2.027542e-04
-2.008056e-04
-1.980361e-04
-1.907386e-04
-1.884200e-04
-1.935915e-04
-1.936804e-04
-1.886860e-04
-1.910915e-04
-2.312097e-04
-2.283992e-04
-2.331583e-04
-2.166070e-04
-2.211204e-04
-2.196362e-04
-2.272503e-04
-2.287344e-04
-2.318332e-04
-2.240436e-04
-2.190009e-04
-2.214063e-04
-1.983080e-04
-2.011609e-04
-2.035570e-04
-2.113868e-04
-2.088174e-04
-2.137923e-04
-2.623154e-04
-2.577436e-04
-2.592278e-04
-2.388386e-04
-2.407872e-04
-2.436552e-04
-2.501296e-04
-2.470892e-04
-2.516137e-04
-2.591756e-04
-2.620286e-04
-2.644024e-04
-2.711913e-04
-2.740184e-04
-2.692427e-04
-2.696627e-04
-2.746005e-04
-2.721951e-04
-2.516062e-04
-2.492654e-04
-2.544592e-04
-2.392996e-04
-2.442857e-04
-2.418802e-04
-2.494942e-04
-2.518997e-04
-2.545258e-04
-6.286175e-05
-6.243140e-05
-6.931499e-05
-6.055868e-05
-6.723586e-05
-6.104933e-05
-6.830878e-05
-7.449530e-05
-7.507580e-05
-7.137930e-06
-1.427761e-05
-7.179124e-06
-4.278406e-05
-3.587396e-05
-3.566877e-05
-2.153706e-05
-2.165505e-05
-1.443857e-05
-1.410271e-05
-2.101282e-05
-2.115166e-05
-4.754375e-05
-4.791429e-05
-4.109051e-05
-3.476149e-05
-4.169593e-05
-3.500118e-05
-1.199831e-04
-1.268594e-04
-1.206729e-04
-1.540384e-04
-1.481427e-04
-1.472959e-04
-1.344735e-04
-1.352093e-04
-1.282869e-04
-1.456203e-04
-1.403742e-04
-1.392462e-04
-1.177386e-04
-1.169327e-04
-1.236343e-04
-1.284144e-04
-1.218398e-04
-1.274216e-04
-1.531897e-04
-1.543832e-04
-1.479436e-04
-1.587776e-04
-1.521547e-04
-1.577365e-04
-1.501224e-04
-1.445407e-04
-1.435514e-04
-7.331346e-05
-8.022357e-05
-8.057607e-05
-1.067545e-04
-1.073387e-04
-1.003013e-04
-9.418590e-05
-1.013195e-04
-9.462475e-05
-5.017583e-05
-5.045050e-05
-4.326572e-05
-5.142538e-05
-4.410186e-05
-5.120035e-05
-4.370513e-05
-3.660664e-05
-3.643677e-05
-6.406033e-05
-7.112345e-05
-6.442870e-05
-9.918509e-05
-9.273186e-05
-9.220173e-05
-7.861866e-05
-7.904894e-05
-7.192392e-05
-1.861757e-04
-1.920714e-04
-1.929151e-04
-2.140573e-04
-2.152286e-04
-2.088112e-04
-2.043967e-04
-2.109307e-04
-2.053489e-04
-1.616673e-04
-1.625519e-04
-1.557716e-04
-1.656915e-04
-1.587803e-04
-1.649668e-04
-1.573528e-04
-1.511663e-04
-1.504653e-04
-1.740336e-04
-1.806158e-04
-1.750340e-04
-2.064879e-04
-2.012418e-04
-2.000916e-04
-1.882298e-04
-1.892598e-04
-1.826481e-04
-1.709613e-04
-1.711918e-04
-1.640512e-04
-3.518609e-01
-3.371846e-01
-1.716321e-04
-1.643727e-04
-1.572742e-04
-1.571780e-04
-2.251159e-04
-2.184039e-04
-2.245904e-04
-1.910390e-04
-1.974923e-04
-1.979544e-04
-2.111444e-04
-2.105988e-04
-2.173309e-04
-2.192635e-04
-2.128103e-04
-2.124715e-04
-1.858225e-04
-1.857089e-04
-1.927326e-04
-1.993187e-04
-1.923557e-04
-1.990505e-04
-1.274077e-04
-1.347094e-04
-1.276109e-04
-1.635696e-04
-1.566595e-04
-1.564101e-04
-1.422046e-04
-1.423963e-04
-1.351061e-04
-1.600528e-04
-1.535995e-04
-1.530471e-04
-1.266117e-04
-1.262845e-04
-1.335218e-04
-1.398943e-04
-1.327322e-04
-1.394269e-04
-1.676222e-04
-1.681841e-04
-1.611689e-04
-1.700199e-04
-1.629282e-04
-1.696229e-04
-1.621277e-04
-1.554330e-04
-1.550313e-04
-2.680766e-04
-2.662419e-04
-2.717893e-04
-2.582579e-04
-2.636390e-04
-2.603497e-04
-2.678449e-04
-2.711342e-04
-2.732465e-04
-2.253683e-04
-2.315537e-04
-2.266638e-04
-2.557153e-04
-2.512007e-04
-2.497649e-04
-2.390489e-04
-2.403569e-04
-2.341590e-04
-2.287223e-04
-2.332370e-04
-2.347763e-04
-2.493110e-04
-2.512533e-04
-2.455982e-04
-2.434159e-04
-2.492150e-04
-2.450933e-04
-3.167412e-04
-3.218511e-04
-3.185619e-04
-3.414931e-04
-3.386402e-04
-3.367047e-04
-3.287615e-04
-3.305603e-04
-3.254723e-04
-3.228326e-04
-3.208840e-04
-3.183058e-04
-3.108170e-04
-3.086898e-04
-3.136699e-04
-3.139502e-04
-3.091178e-04
-3.115233e-04
-3.299314e-04
-3.325017e-04
-3.279828e-04
-3.419651e-04
-3.373176e-04
-3.397231e-04
-3.328127e-04
-3.304072e-04
-3.281460e-04
-2.874624e-04
-2.919771e-04
-2.932596e-04
-3.080511e-04
-3.097365e-04
-3.043384e-04
-3.018991e-04
-3.074272e-04
-3.033054e-04
-2.631071e-04
-2.645466e-04
-2.585924e-04
-2.696557e-04
-2.635865e-04
-2.684765e-04
-2.612170e-04
-2.563271e-04
-2.551386e-04
-2.731862e-04
-2.788783e-04
-2.747566e-04
-3.009523e-04
-2.972396e-04
-2.955407e-04
-2.861378e-04
-2.877033e-04
-2.820160e-04
-3.708762e-04
-3.737291e-04
-3.753706e-04
-7.926257e-01
-7.969620e-01
-3.809432e-04
-3.806309e-04
-3.848094e-04
-3.824039e-04
-3.481881e-04
-3.500931e-04
-3.453352e-04
-3.568541e-04
-3.520043e-04
-3.552935e-04
-3.488400e-04
-3.455508e-04
-3.439487e-04
-3.553535e-04
-3.598016e-04
-3.573961e-04
-3.767050e-04
-3.747564e-04
-3.726146e-04
-3.662551e-04
-3.682589e-04
-3.638496e-04
-3.682015e-04
-3.686975e-04
-3.636868e-04
-7.578044e-01
-7.475056e-01
-3.696453e-04
-3.643990e-04
-3.595091e-04
-3.592895e-04
-8.335671e-01
-3.984413e-04
-8.316217e-01
-3.805627e-04
-3.842755e-04
-3.851745e-04
-3.931950e-04
-3.921791e-04
-3.964843e-04
-4.000093e-04
-3.962965e-04
-3.956658e-04
-3.794206e-04
-3.791889e-04
-3.839352e-04
-3.878284e-04
-3.831849e-04
-3.873066e-04
-3.363365e-04
-3.417626e-04
-3.368726e-04
-3.626195e-04
-3.581048e-04
-3.575349e-04
-3.476585e-04
-3.481269e-04
-3.427685e-04
-3.548247e-04
-3.511120e-04
-3.498495e-04
-3.342361e-04
-3.333725e-04
-3.387507e-04
-3.420121e-04
-3.367478e-04
-3.408696e-04
-3.610115e-04
-3.622215e-04
-3.572988e-04
-3.661745e-04
-3.611980e-04
-3.653198e-04
-3.594239e-04
-3.553021e-04
-3.543841e-04
-4.219668e-05
-4.134972e-05
-4.590945e-05
-7.576770e-02
-8.412118e-02
-3.874908e-05
-4.399539e-05
-4.728467e-05
-4.835433e-05
-4.973387e-06
-9.953084e-06
-5.063163e-06
-2.983543e-05
-2.532077e-05
-2.487274e-05
-1.519939e-05
-1.546471e-05
-1.030947e-05
-9.586981e-06
-1.410164e-05
-1.438141e-05
-3.017566e-05
-3.085839e-05
-2.646289e-05
-2.302099e-05
-2.761440e-05
-2.349264e-05
-8.367939e-05
-8.847543e-05
-8.518615e-05
-1.074320e-04
-1.045790e-04
-1.027293e-04
-9.492893e-05
-9.658481e-05
-9.163964e-05
-1.821838e-01
-8.910506e-05
-1.742096e-01
-7.903804e-05
-7.745182e-05
-8.189098e-05
-8.271217e-05
-7.847719e-05
-8.088266e-05
-9.724044e-05
-9.943989e-05
-9.529184e-05
-1.079896e-04
-1.034850e-04
-1.058905e-04
-9.943696e-05
-9.703149e-05
-9.508422e-05
-5.477150e-05
-5.928616e-05
-6.019779e-05
-7.536019e-05
-7.667477e-05
-7.164742e-05
-6.883737e-05
-7.405146e-05
-6.992970e-05
-3.541743e-05
-3.603538e-05
-3.090277e-05
-3.841772e-05
-3.294593e-05
-3.783585e-05
-3.193994e-05
-2.705002e-05
-2.662736e-05
-4.467496e-05
-4.960126e-05
-4.547950e-05
-6.917341e-05
-6.546064e-05
-6.430272e-05
-5.549716e-05
-5.646532e-05
-5.137540e-05
-1.390972e-04
-1.419502e-04
-1.441326e-04
-1.511128e-04
-1.537486e-04
-1.491642e-04
-1.493929e-04
-1.541688e-04
-1.517633e-04
-1.141270e-04
-1.161177e-04
-1.112740e-04
-1.237923e-04
-1.186285e-04
-1.219178e-04
-1.150074e-04
-1.117182e-04
-1.099732e-04
-1.213780e-04
-1.259690e-04
-1.235635e-04
-1.440141e-04
-1.420655e-04
-1.395528e-04
-1.328794e-04
-1.351971e-04
-1.304739e-04
-1.423216e-04
-1.438054e-04
-1.378069e-04
-1.493859e-04
-1.431548e-04
-1.480447e-04
-1.405495e-04
-1.356595e-04
-1.343973e-04
-1.822756e-04
-1.768407e-04
-1.801300e-04
-1.546828e-04
-1.583956e-04
-1.602823e-04
-1.693455e-04
-1.672870e-04
-1.726347e-04
-1.808739e-04
-1.771612e-04
-1.752709e-04
-1.602853e-04
-1.587940e-04
-1.647999e-04
-1.674335e-04
-1.615842e-04
-1.657060e-04
-1.050985e-04
-1.111219e-04
-1.062320e-04
-1.349298e-04
-1.304151e-04
-1.290236e-04
-1.183814e-04
-1.196156e-04
-1.134915e-04
-1.221338e-04
-1.184210e-04
-1.167877e-04
-1.015451e-04
-1.003107e-04
-1.060598e-04
-1.089503e-04
-1.033721e-04
-1.074939e-04
-1.292326e-04
-1.309835e-04
-1.255198e-04
-1.376632e-04
-1.319209e-04
-1.360427e-04
-1.287833e-04
-1.246615e-04
-1.231461e-04
-1.799672e-04
-1.763558e-04
-1.800305e-04
-3.230984e-01
-3.298303e-01
-1.652668e-04
-1.725263e-04
-1.721130e-04
-1.760057e-04
-1.571826e-04
-1.614968e-04
-1.600127e-04
-1.783489e-04
-1.773350e-04
-1.741986e-04
-1.687562e-04
-1.716997e-04
-1.672721e-04
-1.555638e-04
-1.565776e-04
-1.596815e-04
-1.582593e-04
-1.618387e-04
-1.581960e-04
-1.612356e-04
-1.650770e-04
-1.645374e-04
-2.209130e-04
-2.244771e-04
-2.248904e-04
-2.381769e-04
-2.390652e-04
-2.348371e-04
-2.320911e-04
-2.361392e-04
-2.325044e-04
-4.038838e-01
-2.036949e-04
-3.982207e-01
-2.086611e-04
-2.044740e-04
-2.077729e-04
-2.022251e-04
-1.991123e-04
-1.977525e-04
-2.094383e-04
-2.141752e-04
-2.112643e-04
-2.325883e-04
-2.294272e-04
-2.280674e-04
-2.204534e-04
-2.218131e-04
-2.173621e-04
-2.147745e-04
-2.157884e-04
-2.191059e-04
-2.174700e-04
-2.212631e-04
-2.174067e-04
-2.206600e-04
-2.247006e-04
-2.241609e-04
-1.857407e-04
-1.889804e-04
-1.847268e-04
-2.014701e-04
-1.969354e-04
-1.984195e-04
-1.909243e-04
-1.894402e-04
-1.864815e-04
-1.905344e-04
-1.945045e-04
-1.939649e-04
-2.099006e-04
-2.098373e-04
-2.061262e-04
-2.019997e-04
-2.055230e-04
-2.014601e-04
-2.770982e-04
-2.762099e-04
-2.804563e-04
-5.595672e-01
-5.693267e-01
-2.721320e-04
-2.782075e-04
-2.812616e-04
-2.826214e-04
-2.458059e-04
-2.500931e-04
-2.466941e-04
-2.666214e-04
-2.629978e-04
-2.625845e-04
-2.549705e-04
-2.553837e-04
-2.513952e-04
-2.478443e-04
-2.509467e-04
-2.523065e-04
-2.627366e-04
-2.645626e-04
-2.598836e-04
-2.585608e-04
-2.630705e-04
-2.599205e-04
-3.065262e-04
-3.097216e-04
-3.055123e-04
-3.217398e-04
-3.173672e-04
-3.188513e-04
-3.115919e-04
-3.101078e-04
-3.072227e-04
-6.749521e-01
-3.226213e-04
-6.670078e-01
-3.081445e-04
-3.082078e-04
-3.118788e-04
-3.153619e-04
-3.115287e-04
-3.149486e-04
-3.299790e-04
-3.299158e-04
-3.263959e-04
-3.272835e-04
-3.242387e-04
-3.282974e-04
-3.257928e-04
-3.218919e-04
-3.224315e-04
-2.774524e-04
-2.819286e-04
-2.804445e-04
-2.991344e-04
-2.981205e-04
-2.949399e-04
-2.894238e-04
-2.924410e-04
-2.879397e-04
-2.707683e-04
-2.707050e-04
-2.669715e-04
-2.680728e-04
-2.648143e-04
-2.690867e-04
-2.663684e-04
-2.622683e-04
-2.628080e-04
-2.783377e-04
-2.821085e-04
-2.782744e-04
-2.964940e-04
-2.924644e-04
-2.930040e-04
-2.855088e-04
-2.849692e-04
-2.815054e-04
