3969
0 -4.207331e-01
1 -2.171157e-01
2 -2.397116e-01
3 -4.645196e-01
4 -5.981923e-01
5 -6.604468e-01
6 -1.810212e-01
7 -3.507883e-01
8 -4.987458e-01
9 -1.094114e-01
10 -1.237016e-01
11 -4.756839e-01
12 -5.134688e-01
13 -5.805311e-01
14 -1.011056e-01
15 -3.887940e-01
16 -4.744900e-01
17 -3.214322e-01
18 -3.408174e-01
19 -4.461069e-01
20 -6.735815e-01
21 -7.142039e-01
22 -2.347784e-01
23 -3.073090e-01
24 -4.919923e-01
25 -1.207982e-01
26 -1.160099e-01
27 -2.302097e-01
28 -2.454730e-01
29 -3.548845e-01
30 -3.634139e-01
31 -5.669063e-01
32 -5.444353e-01
33 -6.342682e-01
34 -6.763195e-01
35 -7.436815e-01
36 -7.615543e-01
37 -9.122221e-02
38 -7.991550e-02
39 -1.585842e-01
40 -2.006338e-01
41 -2.679957e-01
42 -2.970313e-01
43 -4.281072e-01
44 -3.750443e-01
45 -4.369272e-01
46 -5.527819e-01
47 -5.616020e-01
48 -6.224482e-01
49 -5.481267e-02
50 -6.233726e-02
51 -4.784889e-01
52 -4.680147e-01
53 -5.322609e-01
54 -5.283532e-02
55 -4.055554e-01
56 -4.511313e-01
57 -2.698007e-01
58 -2.925470e-01
59 -4.562040e-01
60 -6.371308e-01
61 -6.908451e-01
62 -2.114196e-01
63 -3.296923e-01
64 -4.992645e-01
65 -1.806075e-01
66 -5.943387e-02
67 -2.241002e-01
68 -2.469206e-01
69 -2.978796e-01
70 -4.162493e-01
71 -6.148770e-01
72 -5.074717e-01
73 -6.174357e-01
74 -6.803074e-01
75 -7.034375e-01
76 -7.919527e-01
77 -1.363880e-01
78 -4.295193e-02
79 -1.464144e-01
80 -2.092833e-01
81 -2.249476e-01
82 -3.274296e-01
83 -4.643331e-01
84 -3.667428e-01
85 -4.033967e-01
86 -5.766129e-01
87 -5.312110e-01
88 -6.229670e-01
89 -1.635829e-01
90 -1.831355e-01
91 -4.710214e-01
92 -5.569179e-01
93 -6.234832e-01
94 -1.440576e-01
95 -3.705146e-01
96 -4.904445e-01
97 -3.718085e-01
98 -3.837695e-01
99 -4.342679e-01
100 -7.074020e-01
101 -7.301586e-01
102 -2.507331e-01
103 -2.837258e-01
104 -4.770426e-01
105 -6.051726e-02
106 -1.688453e-01
107 -2.354203e-01
108 -2.430669e-01
109 -4.105035e-01
110 -3.068378e-01
111 -5.167218e-01
112 -5.748336e-01
113 -6.486239e-01
114 -6.696907e-01
115 -7.810215e-01
116 -7.245907e-01
117 -4.570029e-02
118 -1.103140e-01
119 -1.701348e-01
120 -1.912008e-01
121 -3.099972e-01
122 -2.600678e-01
123 -3.902096e-01
124 -3.755630e-01
125 -4.687517e-01
126 -5.267924e-01
127 -5.898000e-01
128 -6.141468e-01
129 -6.197179e-02
130 -6.136433e-02
131 -1.224891e-01
132 -1.244311e-01
133 -1.849484e-01
134 -1.860391e-01
135 -5.291406e-01
136 -5.239542e-01
137 -5.748410e-01
138 -5.839543e-01
139 -6.296547e-01
140 -6.333675e-01
141 -5.065165e-02
142 -4.827021e-02
143 -9.635201e-02
144 -1.054644e-01
145 -1.511648e-01
146 -1.576817e-01
147 -4.324864e-01
148 -4.121527e-01
149 -4.521814e-01
150 -4.949457e-01
151 -5.146407e-01
152 -5.368274e-01
153 -5.657600e-02
154 -1.129311e-01
155 -5.811841e-02
156 -3.317726e-01
157 -2.860721e-01
158 -2.784801e-01
159 -1.734485e-01
160 -1.773743e-01
161 -1.186357e-01
162 -3.942319e-01
163 -4.031548e-01
164 -3.485314e-01
165 -4.228485e-01
166 -3.655569e-01
167 -4.203696e-01
168 -3.598518e-01
169 -3.050390e-01
170 -3.020490e-01
171 -4.830705e-01
172 -5.299868e-01
173 -4.962400e-01
174 -6.952502e-01
175 -6.755550e-01
176 -6.576269e-01
177 -5.905047e-01
178 -6.038699e-01
179 -5.567578e-01
180 -7.500640e-01
181 -7.670403e-01
182 -7.303687e-01
183 -8.045070e-01
184 -7.660445e-01
185 -7.997914e-01
186 -7.540902e-01
187 -7.203433e-01
188 -7.132831e-01
189 -3.696353e-02
190 -7.378278e-02
191 -4.003588e-02
192 -2.167613e-01
193 -1.970660e-01
194 -1.819431e-01
195 -1.194831e-01
196 -1.281858e-01
197 -8.573623e-02
198 -2.715739e-01
199 -2.913544e-01
200 -2.518788e-01
201 -3.583958e-01
202 -3.098367e-01
203 -3.435835e-01
204 -2.830661e-01
205 -2.493193e-01
206 -2.375973e-01
207 -3.156105e-01
208 -3.462628e-01
209 -3.418441e-01
210 -4.542357e-01
211 -4.653684e-01
212 -4.296551e-01
213 -4.067800e-01
214 -4.364086e-01
215 -4.023613e-01
216 -5.166951e-01
217 -5.543298e-01
218 -5.278277e-01
219 -6.818831e-01
220 -6.492826e-01
221 -6.537014e-01
222 -5.931833e-01
223 -5.887646e-01
224 -5.610833e-01
225 -2.741972e-02
226 -3.122963e-02
227 -4.791912e-01
228 -4.445909e-01
229 -5.063638e-01
230 -2.693829e-02
231 -4.133460e-01
232 -4.367850e-01
233 -2.435771e-01
234 -2.666499e-01
235 -4.605867e-01
236 -6.179633e-01
237 -6.764987e-01
238 -1.970732e-01
239 -3.404065e-01
240 -4.999813e-01
241 -2.102622e-01
242 -3.001708e-02
243 -2.207157e-01
244 -2.472830e-01
245 -2.689269e-01
246 -4.410040e-01
247 -6.379734e-01
248 -4.867044e-01
249 -6.081109e-01
250 -6.813057e-01
251 -6.822752e-01
252 -8.045376e-01
253 -1.587821e-01
254 -2.218470e-02
255 -1.401120e-01
256 -2.133036e-01
257 -2.030836e-01
258 -3.400144e-01
259 -4.817747e-01
260 -3.597094e-01
261 -3.860323e-01
262 -5.876895e-01
263 -5.152300e-01
264 -6.203006e-01
265 -1.365638e-01
266 -1.537187e-01
267 -4.735839e-01
268 -5.354547e-01
269 -6.027159e-01
270 -1.232904e-01
271 -3.798397e-01
272 -4.834111e-01
273 -3.467897e-01
274 -3.630022e-01
275 -4.404024e-01
276 -6.908290e-01
277 -7.231251e-01
278 -2.436995e-01
279 -2.956617e-01
280 -4.854653e-01
281 -9.070203e-02
282 -1.429483e-01
283 -2.329287e-01
284 -2.443892e-01
285 -3.828809e-01
286 -3.355395e-01
287 -5.420787e-01
288 -5.604872e-01
289 -6.417594e-01
290 -6.733338e-01
291 -7.627238e-01
292 -7.438594e-01
293 -6.849468e-02
294 -9.596751e-02
295 -1.644398e-01
296 -1.960130e-01
297 -2.891376e-01
298 -2.793365e-01
299 -4.093583e-01
300 -3.762799e-01
301 -4.530607e-01
302 -5.400508e-01
303 -5.759822e-01
304 -6.192651e-01
305 -9.288205e-02
306 -3.086416e-02
307 -1.217031e-01
308 -1.246138e-01
309 -1.544004e-01
310 -2.160562e-01
311 -5.551069e-01
312 -5.004386e-01
313 -5.711525e-01
314 -5.848113e-01
315 -6.053885e-01
316 -6.555522e-01
317 -7.591568e-02
318 -2.475462e-02
319 -9.383292e-02
320 -1.074904e-01
321 -1.261968e-01
322 -1.798665e-01
323 -4.537097e-01
324 -4.013788e-01
325 -4.403593e-01
326 -5.044535e-01
327 -4.948069e-01
328 -5.457485e-01
329 -2.870161e-02
330 -1.112256e-01
331 -8.710668e-02
332 -3.267619e-01
333 -3.135979e-01
334 -2.549644e-01
335 -1.447999e-01
336 -2.043127e-01
337 -1.197754e-01
338 -3.677042e-01
339 -4.253396e-01
340 -3.518797e-01
341 -4.497868e-01
342 -3.660935e-01
343 -3.920832e-01
344 -3.575427e-01
345 -3.343897e-01
346 -2.741746e-01
347 -4.653756e-01
348 -5.219826e-01
349 -5.205918e-01
350 -6.847502e-01
351 -6.952189e-01
352 -6.468529e-01
353 -5.677472e-01
354 -6.199218e-01
355 -5.621065e-01
356 -7.324915e-01
357 -7.759616e-01
358 -7.373851e-01
359 -8.205591e-01
360 -7.671686e-01
361 -7.810542e-01
362 -7.492516e-01
363 -7.413107e-01
364 -6.955882e-01
365 -1.926865e-02
366 -7.060687e-02
367 -6.000498e-02
368 -2.074308e-01
369 -2.160277e-01
370 -1.711690e-01
371 -9.974800e-02
372 -1.442378e-01
373 -8.852243e-02
374 -2.532998e-01
375 -3.002755e-01
376 -2.600642e-01
377 -3.744477e-01
378 -3.157886e-01
379 -3.204639e-01
380 -2.756655e-01
381 -2.733088e-01
382 -2.199025e-01
383 -3.124273e-01
384 -3.313579e-01
385 -3.586193e-01
386 -4.346828e-01
387 -4.789141e-01
388 -4.342608e-01
389 -3.911031e-01
390 -4.376441e-01
391 -4.154371e-01
392 -5.045900e-01
393 -5.478029e-01
394 -5.449809e-01
395 -6.831187e-01
396 -6.617551e-01
397 -6.383865e-01
398 -5.776747e-01
399 -6.059022e-01
400 -5.579002e-01
401 -8.215213e-02
402 -9.320143e-02
403 -4.773195e-01
404 -4.909814e-01
405 -5.570155e-01
406 -7.758997e-02
407 -3.973687e-01
408 -4.637160e-01
409 -2.957608e-01
410 -3.173017e-01
411 -4.513758e-01
412 -6.556763e-01
413 -7.034299e-01
414 -2.240043e-01
415 -3.186562e-01
416 -4.965980e-01
417 -1.507765e-01
418 -8.813551e-02
419 -2.272659e-01
420 -2.463170e-01
421 -3.265415e-01
422 -3.903522e-01
423 -5.911803e-01
424 -5.267404e-01
425 -6.261577e-01
426 -6.786448e-01
427 -7.239129e-01
428 -7.776063e-01
429 -1.138607e-01
430 -6.222061e-02
431 -1.525738e-01
432 -2.050586e-01
433 -2.465920e-01
434 -3.130833e-01
435 -4.464381e-01
436 -3.718611e-01
437 -4.203672e-01
438 -5.649732e-01
439 -5.466734e-01
440 -6.236838e-01
441 -1.904423e-01
442 -2.118372e-01
443 -4.679990e-01
444 -5.778372e-01
445 -6.427519e-01
446 -1.633263e-01
447 -3.608276e-01
448 -4.955627e-01
449 -3.964644e-01
450 -4.030382e-01
451 -4.277093e-01
452 -7.232843e-01
453 -7.352770e-01
454 -2.558515e-01
455 -2.715128e-01
456 -4.667571e-01
457 -3.027341e-02
458 -1.936000e-01
459 -2.376820e-01
460 -2.415071e-01
461 -4.377253e-01
462 -2.774210e-01
463 -4.908604e-01
464 -5.874183e-01
465 -6.548550e-01
466 -6.653936e-01
467 -7.985564e-01
468 -7.038235e-01
469 -2.286129e-02
470 -1.228988e-01
471 -1.756638e-01
472 -1.862019e-01
473 -3.305542e-01
474 -2.393005e-01
475 -3.706799e-01
476 -3.728966e-01
477 -4.839851e-01
478 -5.130196e-01
479 -6.030419e-01
480 -6.071134e-01
481 -3.100103e-02
482 -9.138143e-02
483 -1.231555e-01
484 -1.241270e-01
485 -2.153158e-01
486 -1.555389e-01
487 -5.026577e-01
488 -5.461390e-01
489 -5.779683e-01
490 -5.825271e-01
491 -6.533060e-01
492 -6.098519e-01
493 -2.533819e-02
494 -7.045495e-02
495 -9.877702e-02
496 -1.033354e-01
497 -1.759852e-01
498 -1.341661e-01
499 -4.108408e-01
500 -4.210738e-01
501 -4.635620e-01
502 -4.849546e-01
503 -5.339720e-01
504 -5.260535e-01
505 -8.351432e-02
506 -1.145264e-01
507 -2.907339e-02
508 -3.364592e-01
509 -2.582670e-01
510 -3.006649e-01
511 -2.019277e-01
512 -1.494999e-01
513 -1.173801e-01
514 -4.203746e-01
515 -3.796392e-01
516 -3.448428e-01
517 -3.949741e-01
518 -3.646634e-01
519 -4.482456e-01
520 -3.618095e-01
521 -2.753904e-01
522 -3.289874e-01
523 -4.991224e-01
524 -5.374735e-01
525 -4.714036e-01
526 -7.050713e-01
527 -6.552315e-01
528 -6.665481e-01
529 -6.126856e-01
530 -5.861750e-01
531 -5.508655e-01
532 -7.669040e-01
533 -7.562663e-01
534 -7.226391e-01
535 -7.868121e-01
536 -7.641725e-01
537 -8.177477e-01
538 -7.581924e-01
539 -6.986725e-01
540 -7.293351e-01
541 -5.301556e-02
542 -7.688667e-02
543 -2.002771e-02
544 -2.258801e-01
545 -1.779120e-01
546 -1.908643e-01
547 -1.391016e-01
548 -1.104909e-01
549 -8.286632e-02
550 -2.895828e-01
551 -2.805804e-01
552 -2.434474e-01
553 -3.407009e-01
554 -3.035822e-01
555 -3.663676e-01
556 -2.901904e-01
557 -2.250864e-01
558 -2.536493e-01
559 -3.168462e-01
560 -3.608297e-01
561 -3.247351e-01
562 -4.733451e-01
563 -4.513682e-01
564 -4.231282e-01
565 -4.220597e-01
566 -4.332254e-01
567 -3.888926e-01
568 -5.282956e-01
569 -5.589355e-01
570 -5.101590e-01
571 -6.786999e-01
572 -6.361760e-01
573 -6.683780e-01
574 -6.081127e-01
575 -5.710520e-01
576 -5.623188e-01
577 -3.118386e-02
578 -3.110763e-02
579 -6.218489e-02
580 -6.242877e-02
581 -9.342980e-02
582 -9.356695e-02
583 -5.056218e-01
584 -5.043860e-01
585 -5.309600e-01
586 -5.330420e-01
587 -5.583802e-01
588 -5.591997e-01
589 -2.643055e-02
590 -2.589701e-02
591 -5.176876e-02
592 -5.385029e-02
593 -7.918851e-02
594 -8.070972e-02
595 -4.285526e-01
596 -4.199017e-01
597 -4.420247e-01
598 -4.597975e-01
599 -4.732696e-01
600 -4.823610e-01
601 -2.787437e-02
602 -5.572154e-02
603 -2.830181e-02
604 -3.779736e-01
605 -3.579458e-01
606 -3.525398e-01
607 -1.965688e-01
608 -1.993455e-01
609 -1.712305e-01
610 -4.092185e-01
611 -4.149992e-01
612 -3.891907e-01
613 -4.515506e-01
614 -4.234691e-01
615 -4.508889e-01
616 -4.135783e-01
617 -3.882401e-01
618 -3.857488e-01
619 -4.519627e-01
620 -4.757749e-01
621 -4.588932e-01
622 -7.191314e-01
623 -7.130525e-01
624 -7.022837e-01
625 -5.964259e-01
626 -6.048510e-01
627 -5.829537e-01
628 -7.465517e-01
629 -7.570975e-01
630 -7.404728e-01
631 -8.237760e-01
632 -8.056874e-01
633 -8.225691e-01
634 -7.868713e-01
635 -7.733990e-01
636 -7.684366e-01
637 -1.769487e-02
638 -3.537248e-02
639 -1.849078e-02
640 -2.399403e-01
641 -2.338614e-01
642 -2.237948e-01
643 -1.284269e-01
644 -1.338295e-01
645 -1.149546e-01
646 -2.673600e-01
647 -2.786074e-01
648 -2.612810e-01
649 -3.895034e-01
650 -3.652805e-01
651 -3.821621e-01
652 -3.188691e-01
653 -3.053970e-01
654 -2.974125e-01
655 -2.869090e-01
656 -3.020250e-01
657 -2.998145e-01
658 -4.565079e-01
659 -4.658666e-01
660 -4.458131e-01
661 -3.896701e-01
662 -4.060631e-01
663 -3.913626e-01
664 -4.877529e-01
665 -5.082724e-01
666 -4.971116e-01
667 -7.105852e-01
668 -6.949819e-01
669 -6.971924e-01
670 -6.066797e-01
671 -6.083721e-01
672 -5.924664e-01
673 -3.050017e-02
674 -6.097056e-02
675 -3.069715e-02
676 -1.819604e-01
677 -1.528869e-01
678 -1.519059e-01
679 -9.197160e-02
680 -9.247197e-02
681 -6.169819e-02
682 -2.132053e-01
683 -2.143652e-01
684 -1.841319e-01
685 -2.169035e-01
686 -1.863121e-01
687 -2.165856e-01
688 -1.855843e-01
689 -1.553109e-01
690 -1.549313e-01
691 -4.945371e-01
692 -5.205922e-01
693 -4.977308e-01
694 -6.194826e-01
695 -5.994548e-01
696 -5.956083e-01
697 -5.496660e-01
698 -5.526563e-01
699 -5.268046e-01
700 -6.469027e-01
701 -6.504220e-01
702 -6.268750e-01
703 -6.581226e-01
704 -6.342970e-01
705 -6.571583e-01
706 -6.318196e-01
707 -6.089582e-01
708 -6.074699e-01
709 -2.351557e-02
710 -4.700820e-02
711 -2.414688e-02
712 -1.402913e-01
713 -1.202635e-01
714 -1.171193e-01
715 -7.234642e-02
716 -7.416726e-02
717 -4.948509e-02
718 -1.677111e-01
719 -1.719321e-01
720 -1.476833e-01
721 -1.870985e-01
722 -1.607108e-01
723 -1.835721e-01
724 -1.544987e-01
725 -1.316373e-01
726 -1.289800e-01
727 -3.812885e-01
728 -4.013771e-01
729 -3.915248e-01
730 -4.776220e-01
731 -4.715432e-01
732 -4.592148e-01
733 -4.323782e-01
734 -4.432603e-01
735 -4.225258e-01
736 -5.088669e-01
737 -5.216741e-01
738 -5.027881e-01
739 -5.676918e-01
740 -5.471398e-01
741 -5.569921e-01
742 -5.259909e-01
743 -5.161386e-01
744 -5.057197e-01
745 -1.662953e-01
746 -1.409570e-01
747 -1.388282e-01
748 -2.973145e-02
749 -2.941678e-02
750 -5.880485e-02
751 -8.599280e-02
752 -5.737521e-02
753 -8.479496e-02
754 -2.641126e-01
755 -2.613174e-01
756 -2.894509e-01
757 -2.476159e-01
758 -2.742743e-01
759 -2.514129e-01
760 -2.824140e-01
761 -3.052754e-01
762 -3.095878e-01
763 -2.084820e-01
764 -1.790783e-01
765 -2.064981e-01
766 -6.000486e-02
767 -8.907827e-02
768 -8.993406e-02
769 -1.480773e-01
770 -1.465101e-01
771 -1.754971e-01
772 -4.340192e-01
773 -4.070279e-01
774 -4.298893e-01
775 -2.953575e-01
776 -3.206958e-01
777 -3.237767e-01
778 -3.760267e-01
779 -3.720471e-01
780 -3.988881e-01
781 -3.072882e-01
782 -3.363616e-01
783 -3.368553e-01
784 -4.438521e-01
785 -4.462667e-01
786 -4.185138e-01
787 -3.934313e-01
788 -4.218150e-01
789 -3.943953e-01
790 -2.770144e-01
791 -2.763374e-01
792 -3.060879e-01
793 -2.709413e-01
794 -3.001109e-01
795 -2.726911e-01
796 -3.036923e-01
797 -3.311121e-01
798 -3.329134e-01
799 -5.661521e-01
800 -5.526800e-01
801 -5.443331e-01
802 -4.820732e-01
803 -4.769713e-01
804 -5.021010e-01
805 -5.139349e-01
806 -4.898944e-01
807 -5.067761e-01
808 -6.700616e-01
809 -6.629703e-01
810 -6.835338e-01
811 -6.282097e-01
812 -6.476951e-01
813 -6.378427e-01
814 -6.669166e-01
815 -6.767690e-01
816 -6.863290e-01
817 -6.325719e-01
818 -6.096711e-01
819 -6.265528e-01
820 -5.123469e-01
821 -5.323747e-01
822 -5.374891e-01
823 -5.805973e-01
824 -5.744527e-01
825 -5.974790e-01
826 -7.917955e-01
827 -7.744090e-01
828 -7.842615e-01
829 -6.974819e-01
830 -7.109540e-01
831 -7.177839e-01
832 -7.490702e-01
833 -7.411427e-01
834 -7.589227e-01
835 -7.256540e-01
836 -7.456817e-01
837 -7.467759e-01
838 -8.097331e-01
839 -8.141379e-01
840 -7.962608e-01
841 -7.837394e-01
842 -8.025411e-01
843 -7.856594e-01
844 -7.027922e-01
845 -7.010746e-01
846 -7.228199e-01
847 -6.873855e-01
848 -7.087063e-01
849 -6.918246e-01
850 -7.171633e-01
851 -7.340450e-01
852 -7.380382e-01
853 -1.055656e-01
854 -9.209333e-02
855 -8.812925e-02
856 -2.148644e-02
857 -2.076721e-02
858 -4.151417e-02
859 -5.773077e-02
860 -3.851850e-02
861 -5.540020e-02
862 -1.908704e-01
863 -1.844812e-01
864 -2.043426e-01
865 -1.571885e-01
866 -1.741114e-01
867 -1.642589e-01
868 -1.895971e-01
869 -1.994496e-01
870 -2.078401e-01
871 -1.540829e-01
872 -1.323515e-01
873 -1.492332e-01
874 -4.434776e-02
875 -6.437550e-02
876 -6.646754e-02
877 -1.070133e-01
878 -1.034311e-01
879 -1.238949e-01
880 -3.207712e-01
881 -3.008227e-01
882 -3.106750e-01
883 -2.182902e-01
884 -2.317623e-01
885 -2.392940e-01
886 -2.717492e-01
887 -2.626527e-01
888 -2.816016e-01
889 -2.650636e-01
890 -2.850914e-01
891 -2.905680e-01
892 -3.491426e-01
893 -3.579298e-01
894 -3.356704e-01
895 -3.275316e-01
896 -3.511611e-01
897 -3.342794e-01
898 -2.347902e-01
899 -2.300506e-01
900 -2.548179e-01
901 -2.088957e-01
902 -2.313854e-01
903 -2.145038e-01
904 -2.435772e-01
905 -2.604589e-01
906 -2.670142e-01
907 -3.593968e-01
908 -3.610892e-01
909 -3.455461e-01
910 -3.483877e-01
911 -3.367258e-01
912 -3.544665e-01
913 -3.450272e-01
914 -3.288879e-01
915 -3.310983e-01
916 -4.842445e-01
917 -4.680348e-01
918 -4.825520e-01
919 -3.987910e-01
920 -4.111603e-01
921 -4.167293e-01
922 -4.477303e-01
923 -4.421613e-01
924 -4.607627e-01
925 -4.675162e-01
926 -4.505908e-01
927 -4.528012e-01
928 -3.786611e-01
929 -3.847399e-01
930 -3.972430e-01
931 -4.195898e-01
932 -4.055444e-01
933 -4.218002e-01
934 -5.851943e-01
935 -5.723443e-01
936 -5.667753e-01
937 -5.154894e-01
938 -5.137969e-01
939 -5.304942e-01
940 -5.413430e-01
941 -5.232220e-01
942 -5.357740e-01
943 -6.259444e-01
944 -6.320233e-01
945 -6.441643e-01
946 -6.369536e-01
947 -6.529846e-01
948 -6.386460e-01
949 -6.524658e-01
950 -6.681184e-01
951 -6.659079e-01
952 -5.956707e-01
953 -5.836463e-01
954 -6.017495e-01
955 -5.299755e-01
956 -5.464139e-01
957 -5.442035e-01
958 -5.752048e-01
959 -5.774152e-01
960 -5.919477e-01
961 -1.371153e-02
962 -1.562245e-02
963 -4.793669e-01
964 -4.327148e-01
965 -4.930184e-01
966 -1.359282e-02
967 -4.170905e-01
968 -4.289685e-01
969 -2.303745e-01
970 -2.533044e-01
971 -4.626096e-01
972 -6.081520e-01
973 -6.686822e-01
974 -1.892566e-01
975 -3.456396e-01
976 -4.996075e-01
977 -2.250144e-01
978 -1.507630e-02
979 -2.189424e-01
980 -2.473737e-01
981 -2.543503e-01
982 -4.529225e-01
983 -6.492893e-01
984 -4.757839e-01
985 -6.032252e-01
986 -6.815554e-01
987 -6.714430e-01
988 -8.101538e-01
989 -1.699224e-01
990 -1.126424e-02
991 -1.369092e-01
992 -2.152359e-01
993 -1.920758e-01
994 -3.456305e-01
995 -4.903201e-01
996 -3.554828e-01
997 -3.772077e-01
998 -5.930133e-01
999 -5.070498e-01
1000 -6.182392e-01
1001 -1.230026e-01
1002 -1.387779e-01
1003 -4.746918e-01
1004 -5.245258e-01
1005 -5.917954e-01
1006 -1.123699e-01
1007 -3.843638e-01
1008 -4.791845e-01
1009 -3.341517e-01
1010 -3.520817e-01
1011 -4.433088e-01
1012 -6.822886e-01
1013 -7.188984e-01
1014 -2.394729e-01
1015 -3.015222e-01
1016 -4.889675e-01
1017 -1.057630e-01
1018 -1.296028e-01
1019 -2.315975e-01
1020 -2.449610e-01
1021 -3.689277e-01
1022 -3.495870e-01
1023 -5.545602e-01
1024 -5.526707e-01
1025 -6.380917e-01
1026 -6.749090e-01
1027 -7.532946e-01
1028 -7.529080e-01
1029 -7.986819e-02
1030 -8.815094e-02
1031 -1.615317e-01
1032 -1.983476e-01
1033 -2.786006e-01
1034 -2.883851e-01
1035 -4.187838e-01
1036 -3.759060e-01
1037 -4.450483e-01
1038 -5.464831e-01
1039 -5.688615e-01
1040 -6.210995e-01
1041 -1.083050e-01
1042 -1.547007e-02
1043 -1.212655e-01
1044 -1.246595e-01
1045 -1.390680e-01
1046 -2.308468e-01
1047 -5.678883e-01
1048 -4.882102e-01
1049 -5.690989e-01
1050 -5.850257e-01
1051 -5.930322e-01
1052 -6.661182e-01
1053 -8.852144e-02
1054 -1.252626e-02
1055 -9.253886e-02
1056 -1.084641e-01
1057 -1.136651e-01
1058 -1.904325e-01
1059 -4.641565e-01
1060 -3.953098e-01
1061 -4.342862e-01
1062 -5.090233e-01
1063 -4.847076e-01
1064 -5.495031e-01
1065 -1.444728e-02
1066 -1.103319e-01
1067 -1.015707e-01
1068 -3.241366e-01
1069 -3.272476e-01
1070 -2.427360e-01
1071 -1.304208e-01
1072 -2.173978e-01
1073 -1.203015e-01
1074 -3.543040e-01
1075 -4.359057e-01
1076 -3.534252e-01
1077 -4.628720e-01
1078 -3.662277e-01
1079 -3.777946e-01
1080 -3.562571e-01
1081 -3.489444e-01
1082 -2.599203e-01
1083 -4.559334e-01
1084 -5.177889e-01
1085 -5.325786e-01
1086 -6.792488e-01
1087 -7.047974e-01
1088 -6.407840e-01
1089 -5.561591e-01
1090 -6.273119e-01
1091 -5.645753e-01
1092 -7.234360e-01
1093 -7.797162e-01
1094 -7.406237e-01
1095 -8.279492e-01
1096 -7.674497e-01
1097 -7.713984e-01
1098 -7.465577e-01
1099 -7.515242e-01
1100 -6.861460e-01
1101 -9.826483e-03
1102 -6.899288e-02
1103 -6.996878e-02
1104 -2.026891e-01
1105 -2.254305e-01
1106 -1.651000e-01
1107 -8.984272e-02
1108 -1.516278e-01
1109 -8.988329e-02
1110 -2.440689e-01
1111 -3.040301e-01
1112 -2.640621e-01
1113 -3.818377e-01
1114 -3.186493e-01
1115 -3.087853e-01
1116 -2.718638e-01
1117 -2.852049e-01
1118 -2.104603e-01
1119 -3.101090e-01
1120 -3.237832e-01
1121 -3.668766e-01
1122 -4.247460e-01
1123 -4.855125e-01
1124 -4.358372e-01
1125 -3.831204e-01
1126 -4.375297e-01
1127 -4.218236e-01
1128 -4.983520e-01
1129 -5.438267e-01
1130 -5.533590e-01
1131 -6.830044e-01
1132 -6.677498e-01
1133 -6.304943e-01
1134 -5.697079e-01
1135 -6.142502e-01
1136 -5.555819e-01
1137 -6.849076e-02
1138 -7.780734e-02
1139 -4.779625e-01
1140 -4.795566e-01
1141 -5.447871e-01
1142 -6.536159e-02
1143 -4.015110e-01
1144 -4.576471e-01
1145 -2.828153e-01
1146 -3.050733e-01
1147 -4.538453e-01
1148 -6.464825e-01
1149 -6.973609e-01
1150 -2.179354e-01
1151 -3.242138e-01
1152 -4.981744e-01
1153 -1.657122e-01
1154 -7.388116e-02
1155 -2.257106e-01
1156 -2.466489e-01
1157 -3.122487e-01
1158 -4.034373e-01
1159 -6.031023e-01
1160 -5.172982e-01
1161 -6.218726e-01
1162 -6.795590e-01
1163 -7.137623e-01
1164 -7.849963e-01
1165 -1.251396e-01
1166 -5.277843e-02
1167 -1.495123e-01
1168 -2.071963e-01
1169 -2.357986e-01
1170 -3.204733e-01
1171 -4.554412e-01
1172 -3.695428e-01
1173 -4.119322e-01
1174 -5.708628e-01
1175 -5.390080e-01
1176 -6.235695e-01
1177 -1.770342e-01
1178 -1.975828e-01
1179 -4.695675e-01
1180 -5.674468e-01
1181 -6.333097e-01
1182 -1.538841e-01
1183 -3.657157e-01
1184 -4.932444e-01
1185 -3.841834e-01
1186 -3.935960e-01
1187 -4.310412e-01
1188 -7.154305e-01
1189 -7.329586e-01
1190 -2.535331e-01
1191 -2.776532e-01
1192 -4.721304e-01
1193 -4.540087e-02
1194 -1.813716e-01
1195 -2.365800e-01
1196 -2.423166e-01
1197 -4.241662e-01
1198 -2.922117e-01
1199 -5.038526e-01
1200 -5.813494e-01
1201 -6.518190e-01
1202 -6.676236e-01
1203 -7.898854e-01
1204 -7.143895e-01
1205 -3.428497e-02
1206 -1.168298e-01
1207 -1.729204e-01
1208 -1.887244e-01
1209 -3.203148e-01
1210 -2.498665e-01
1211 -3.804912e-01
1212 -3.744731e-01
1213 -4.764265e-01
1214 -5.199694e-01
1215 -5.964937e-01
1216 -6.108679e-01
1217 -4.649209e-02
1218 -7.644064e-02
1219 -1.228373e-01
1220 -1.242942e-01
1221 -2.001565e-01
1222 -1.708420e-01
1223 -5.159622e-01
1224 -5.352185e-01
1225 -5.764750e-01
1226 -5.833119e-01
1227 -6.415587e-01
1228 -6.217704e-01
1229 -3.799956e-02
1230 -5.953447e-02
1231 -9.757643e-02
1232 -1.044127e-01
1233 -1.635950e-01
1234 -1.460846e-01
1235 -4.217151e-01
1236 -4.168472e-01
1237 -4.579276e-01
1238 -4.900100e-01
1239 -5.243704e-01
1240 -5.316696e-01
1241 -7.016883e-02
1242 -1.137427e-01
1243 -4.360122e-02
1244 -3.341567e-01
1245 -2.722028e-01
1246 -2.897444e-01
1247 -1.877110e-01
1248 -1.635474e-01
1249 -1.180223e-01
1250 -4.073530e-01
1251 -3.915577e-01
1252 -3.467294e-01
1253 -4.090216e-01
1254 -3.651548e-01
1255 -4.343607e-01
1256 -3.608747e-01
1257 -2.902501e-01
1258 -3.156419e-01
1259 -4.913059e-01
1260 -5.337953e-01
1261 -4.838809e-01
1262 -7.002462e-01
1263 -6.654745e-01
1264 -6.623214e-01
1265 -6.016685e-01
1266 -5.952236e-01
1267 -5.538793e-01
1268 -7.585766e-01
1269 -7.618824e-01
1270 -7.265926e-01
1271 -7.958608e-01
1272 -7.652019e-01
1273 -8.088683e-01
1274 -7.562336e-01
1275 -7.095945e-01
1276 -7.215185e-01
1277 -4.519897e-02
1278 -7.534392e-02
1279 -3.003546e-02
1280 -2.213477e-01
1281 -1.875119e-01
1282 -1.866376e-01
1283 -1.293081e-01
1284 -1.195395e-01
1285 -8.431156e-02
1286 -2.806126e-01
1287 -2.861965e-01
1288 -2.476933e-01
1289 -3.497495e-01
1290 -3.067469e-01
1291 -3.550189e-01
1292 -2.866633e-01
1293 -2.372318e-01
1294 -2.458328e-01
1295 -3.164723e-01
1296 -3.535894e-01
1297 -3.333303e-01
1298 -4.638470e-01
1299 -4.584242e-01
1300 -4.266304e-01
1301 -4.144704e-01
1302 -4.350598e-01
1303 -3.956753e-01
1304 -5.225591e-01
1305 -5.568741e-01
1306 -5.190567e-01
1307 -6.805343e-01
1308 -6.428078e-01
1309 -6.611204e-01
1310 -6.007213e-01
1311 -5.799791e-01
1312 -5.619450e-01
1313 -4.676627e-02
1314 -1.557667e-02
1315 -6.208592e-02
1316 -6.245167e-02
1317 -7.789304e-02
1318 -1.090370e-01
1319 -5.190047e-01
1320 -4.915740e-01
1321 -5.301150e-01
1322 -5.332374e-01
1323 -5.453871e-01
1324 -5.717260e-01
1325 -3.963777e-02
1326 -1.308508e-02
1327 -5.121646e-02
1328 -5.433811e-02
1329 -6.601997e-02
1330 -9.323600e-02
1331 -4.398957e-01
1332 -4.129454e-01
1333 -4.373089e-01
1334 -4.639627e-01
1335 -4.622569e-01
1336 -4.888768e-01
1337 -1.404747e-02
1338 -5.527385e-02
1339 -4.244408e-02
1340 -3.749368e-01
1341 -3.709029e-01
1342 -3.423386e-01
1343 -1.827293e-01
1344 -2.118718e-01
1345 -1.723605e-01
1346 -3.965424e-01
1347 -4.248257e-01
1348 -3.917591e-01
1349 -4.651435e-01
1350 -4.236244e-01
1351 -4.369220e-01
1352 -4.120912e-01
1353 -4.022938e-01
1354 -3.729369e-01
1355 -4.433165e-01
1356 -4.719524e-01
1357 -4.710394e-01
1358 -7.133538e-01
1359 -7.216937e-01
1360 -6.990048e-01
1361 -5.857012e-01
1362 -6.113668e-01
1363 -5.868008e-01
1364 -7.384453e-01
1365 -7.598975e-01
1366 -7.453594e-01
1367 -8.320114e-01
1368 -8.059826e-01
1369 -8.136374e-01
1370 -7.840421e-01
1371 -7.827714e-01
1372 -7.614803e-01
1373 -9.048618e-03
1374 -3.456391e-02
1375 -2.773054e-02
1376 -2.344554e-01
1377 -2.423268e-01
1378 -2.205159e-01
1379 -1.193850e-01
1380 -1.403454e-01
1381 -1.172332e-01
1382 -2.590781e-01
1383 -2.814074e-01
1384 -2.664600e-01
1385 -3.977388e-01
1386 -3.685895e-01
1387 -3.703242e-01
1388 -3.144716e-01
1389 -3.164519e-01
1390 -2.904562e-01
1391 -2.855602e-01
1392 -2.951209e-01
1393 -3.077501e-01
1394 -4.460722e-01
1395 -4.715122e-01
1396 -4.502595e-01
1397 -3.826633e-01
1398 -4.049731e-01
1399 -3.991200e-01
1400 -4.824566e-01
1401 -5.033601e-01
1402 -5.069652e-01
1403 -7.114470e-01
1404 -7.012775e-01
1405 -6.896219e-01
1406 -5.983129e-01
1407 -6.157447e-01
1408 -5.930689e-01
1409 -1.530306e-02
1410 -6.075133e-02
1411 -4.603636e-02
1412 -1.813061e-01
1413 -1.680317e-01
1414 -1.372798e-01
1415 -7.667733e-02
1416 -1.075483e-01
1417 -6.184254e-02
1418 -1.981946e-01
1419 -2.288125e-01
1420 -1.845626e-01
1421 -2.319798e-01
1422 -1.863805e-01
1423 -2.013369e-01
1424 -1.852890e-01
1425 -1.706958e-01
1426 -1.397342e-01
1427 -4.829400e-01
1428 -5.187203e-01
1429 -5.109049e-01
1430 -6.172551e-01
1431 -6.115436e-01
1432 -5.854071e-01
1433 -5.368756e-01
1434 -5.639206e-01
1435 -5.280371e-01
1436 -6.352705e-01
1437 -6.602485e-01
1438 -6.283415e-01
1439 -6.693869e-01
1440 -6.345295e-01
1441 -6.453417e-01
1442 -6.308141e-01
1443 -6.212387e-01
1444 -5.958729e-01
1445 -1.191852e-02
1446 -4.635990e-02
1447 -3.621296e-02
1448 -1.383565e-01
1449 -1.321767e-01
1450 -1.069180e-01
1451 -6.031568e-02
1452 -8.543153e-02
1453 -5.007448e-02
1454 -1.559034e-01
1455 -1.817586e-01
1456 -1.494423e-01
1457 -1.983628e-01
1458 -1.621666e-01
1459 -1.706477e-01
1460 -1.528504e-01
1461 -1.446772e-01
1462 -1.173829e-01
1463 -3.761307e-01
1464 -3.958417e-01
1465 -4.018878e-01
1466 -4.710350e-01
1467 -4.810525e-01
1468 -4.559360e-01
1469 -4.223170e-01
1470 -4.479548e-01
1471 -4.275583e-01
1472 -4.997167e-01
1473 -5.244741e-01
1474 -5.087765e-01
1475 -5.723863e-01
1476 -5.520962e-01
1477 -5.469765e-01
1478 -5.203793e-01
1479 -5.265473e-01
1480 -5.005618e-01
1481 -1.649592e-01
1482 -1.549201e-01
1483 -1.260162e-01
1484 -4.458810e-02
1485 -1.479067e-02
1486 -5.846876e-02
1487 -9.958564e-02
1488 -5.775386e-02
1489 -7.069411e-02
1490 -2.783638e-01
1491 -2.485054e-01
1492 -2.877966e-01
1493 -2.360188e-01
1494 -2.720707e-01
1495 -2.649789e-01
1496 -2.842777e-01
1497 -2.919134e-01
1498 -3.208521e-01
1499 -2.220748e-01
1500 -1.798649e-01
1501 -1.919596e-01
1502 -6.026842e-02
1503 -7.426514e-02
1504 -1.043813e-01
1505 -1.627457e-01
1506 -1.326832e-01
1507 -1.744941e-01
1508 -4.452835e-01
1509 -4.088156e-01
1510 -4.165729e-01
1511 -2.966548e-01
1512 -3.066589e-01
1513 -3.363030e-01
1514 -3.896383e-01
1515 -3.604500e-01
1516 -3.966084e-01
1517 -3.074009e-01
1518 -3.216390e-01
1519 -3.513026e-01
1520 -4.301032e-01
1521 -4.587930e-01
1522 -4.194929e-01
1523 -3.796044e-01
1524 -4.211437e-01
1525 -4.086718e-01
1526 -2.919618e-01
1527 -2.617112e-01
1528 -3.056007e-01
1529 -2.571143e-01
1530 -2.990317e-01
1531 -2.874051e-01
1532 -3.044028e-01
1533 -3.166192e-01
1534 -3.465063e-01
1535 -5.616035e-01
1536 -5.638256e-01
1537 -5.373768e-01
1538 -4.948329e-01
1539 -4.667700e-01
1540 -4.992314e-01
1541 -5.221703e-01
1542 -4.931274e-01
1543 -4.949837e-01
1544 -6.805364e-01
1545 -6.560139e-01
1546 -6.796274e-01
1547 -6.230519e-01
1548 -6.424914e-01
1549 -6.478139e-01
1550 -6.713177e-01
1551 -6.672794e-01
1552 -6.910235e-01
1553 -6.408073e-01
1554 -6.123488e-01
1555 -6.152864e-01
1556 -5.145972e-01
1557 -5.199867e-01
1558 -5.473156e-01
1559 -5.923059e-01
1560 -5.658065e-01
1561 -5.940643e-01
1562 -7.964901e-01
1563 -7.778102e-01
1564 -7.757456e-01
1565 -7.005452e-01
1566 -7.009851e-01
1567 -7.242997e-01
1568 -7.581478e-01
1569 -7.359849e-01
1570 -7.545854e-01
1571 -7.259199e-01
1572 -7.352259e-01
1573 -7.566024e-01
1574 -8.009407e-01
1575 -8.206538e-01
1576 -7.981236e-01
1577 -7.750932e-01
1578 -8.012641e-01
1579 -7.951803e-01
1580 -7.137786e-01
1581 -6.908734e-01
1582 -7.216697e-01
1583 -6.787393e-01
1584 -7.061581e-01
1585 -7.026396e-01
1586 -7.188411e-01
1587 -7.237524e-01
1588 -7.462736e-01
1589 -1.031524e-01
1590 -1.012160e-01
1591 -8.117287e-02
1592 -3.222312e-02
1593 -1.056599e-02
1594 -4.078000e-02
1595 -6.596621e-02
1596 -3.928199e-02
1597 -4.618750e-02
1598 -2.011695e-01
1599 -1.775249e-01
1600 -2.007288e-01
1601 -1.520306e-01
1602 -1.701313e-01
1603 -1.731221e-01
1604 -1.933552e-01
1605 -1.907196e-01
1606 -2.125346e-01
1607 -1.623183e-01
1608 -1.343861e-01
1609 -1.387264e-01
1610 -4.502952e-02
1611 -5.367027e-02
1612 -7.629405e-02
1613 -1.176139e-01
1614 -9.478486e-02
1615 -1.217039e-01
1616 -3.254657e-01
1617 -3.054472e-01
1618 -3.010515e-01
1619 -2.216460e-01
1620 -2.216180e-01
1621 -2.458098e-01
1622 -2.815862e-01
1623 -2.574949e-01
1624 -2.766215e-01
1625 -2.674648e-01
1626 -2.726129e-01
1627 -3.003945e-01
1628 -3.383274e-01
1629 -3.644456e-01
1630 -3.396684e-01
1631 -3.188853e-01
1632 -3.474147e-01
1633 -3.463799e-01
1634 -2.474592e-01
1635 -2.198494e-01
1636 -2.520994e-01
1637 -2.002494e-01
1638 -2.281944e-01
1639 -2.260782e-01
1640 -2.464784e-01
1641 -2.490585e-01
1642 -2.752496e-01
1643 -3.511811e-01
1644 -3.683711e-01
1645 -3.461485e-01
1646 -3.576089e-01
1647 -3.334469e-01
1648 -3.481978e-01
1649 -3.458890e-01
1650 -3.354069e-01
1651 -3.233939e-01
1652 -4.918145e-01
1653 -4.686373e-01
1654 -4.740180e-01
1655 -4.013353e-01
1656 -4.017613e-01
1657 -4.232439e-01
1658 -4.566051e-01
1659 -4.359614e-01
1660 -4.577379e-01
1661 -4.683779e-01
1662 -4.575178e-01
1663 -4.446592e-01
1664 -3.844823e-01
1665 -3.757872e-01
1666 -4.000430e-01
1667 -4.280514e-01
1668 -4.041957e-01
1669 -4.143407e-01
1670 -5.821696e-01
1671 -5.811431e-01
1672 -5.606210e-01
1673 -5.234141e-01
1674 -5.065925e-01
1675 -5.294041e-01
1676 -5.479033e-01
1677 -5.257663e-01
1678 -5.262988e-01
1679 -6.316147e-01
1680 -6.231611e-01
1681 -6.469643e-01
1682 -6.300372e-01
1683 -6.518946e-01
1684 -6.462526e-01
1685 -6.511170e-01
1686 -6.609906e-01
1687 -6.739778e-01
1688 -6.049826e-01
1689 -5.803675e-01
1690 -5.953297e-01
1691 -5.286268e-01
1692 -5.388783e-01
1693 -5.527109e-01
1694 -5.820557e-01
1695 -5.693187e-01
1696 -5.928094e-01
1697 -4.112121e-02
1698 -4.680631e-02
1699 -4.788985e-01
1700 -4.563585e-01
1701 -5.194489e-01
1702 -4.002338e-02
1703 -4.095007e-01
1704 -4.441750e-01
1705 -2.567202e-01
1706 -2.797351e-01
1707 -4.584513e-01
1708 -6.276237e-01
1709 -6.838888e-01
1710 -2.044632e-01
1711 -3.350903e-01
1712 -4.998670e-01
1713 -1.954587e-01
1714 -4.480775e-02
1715 -2.224351e-01
1716 -2.471319e-01
1717 -2.834379e-01
1718 -4.287756e-01
1719 -6.265017e-01
1720 -4.972705e-01
1721 -6.128481e-01
1722 -6.808896e-01
1723 -6.929410e-01
1724 -7.984686e-01
1725 -1.476031e-01
1726 -3.275070e-02
1727 -1.432807e-01
1728 -2.113193e-01
1729 -2.140417e-01
1730 -3.339454e-01
1731 -4.731116e-01
1732 -3.634640e-01
1733 -3.947627e-01
1734 -5.822223e-01
1735 -5.232844e-01
1736 -6.218770e-01
1737 -1.500917e-01
1738 -1.685094e-01
1739 -4.723603e-01
1740 -5.462530e-01
1741 -6.132819e-01
1742 -1.338564e-01
1743 -3.752230e-01
1744 -4.871656e-01
1745 -3.593430e-01
1746 -3.735682e-01
1747 -4.373885e-01
1748 -6.992009e-01
1749 -7.268797e-01
1750 -2.474542e-01
1751 -2.897291e-01
1752 -4.814891e-01
1753 -7.561887e-02
1754 -1.560334e-01
1755 -2.342031e-01
1756 -2.437578e-01
1757 -3.967407e-01
1758 -3.212851e-01
1759 -5.294649e-01
1760 -5.678773e-01
1761 -6.452704e-01
1762 -6.715942e-01
1763 -7.719669e-01
1764 -7.344172e-01
1765 -5.710445e-02
1766 -1.033576e-01
1767 -1.673077e-01
1768 -1.936305e-01
1769 -2.996040e-01
1770 -2.698943e-01
1771 -3.998327e-01
1772 -3.761655e-01
1773 -4.609625e-01
1774 -5.334867e-01
1775 -5.829622e-01
1776 -6.169468e-01
1777 -7.743637e-02
1778 -4.616723e-02
1779 -1.221110e-01
1780 -1.245376e-01
1781 -1.696951e-01
1782 -2.011154e-01
1783 -5.421900e-01
1784 -5.123571e-01
1785 -5.730667e-01
1786 -5.844542e-01
1787 -6.175970e-01
1788 -6.446317e-01
1789 -6.329139e-02
1790 -3.667315e-02
1791 -9.510407e-02
1792 -1.064904e-01
1793 -1.386977e-01
1794 -1.689460e-01
1795 -4.431521e-01
1796 -4.069949e-01
1797 -4.463248e-01
1798 -4.997606e-01
1799 -5.047855e-01
1800 -5.415219e-01
1801 -4.274909e-02
1802 -1.120920e-01
1803 -7.262141e-02
1804 -3.293074e-01
1805 -2.998716e-01
1806 -2.668830e-01
1807 -1.591436e-01
1808 -1.909672e-01
1809 -1.192201e-01
1810 -3.810145e-01
1811 -4.144191e-01
1812 -3.502483e-01
1813 -4.364414e-01
1814 -3.658698e-01
1815 -4.062760e-01
1816 -3.587410e-01
1817 -3.197534e-01
1818 -2.882221e-01
1819 -4.744243e-01
1820 -5.260489e-01
1821 -5.084780e-01
1822 -6.900844e-01
1823 -6.854706e-01
1824 -6.524691e-01
1825 -5.791966e-01
1826 -6.121053e-01
1827 -5.595005e-01
1828 -7.413682e-01
1829 -7.717349e-01
1830 -7.339665e-01
1831 -8.127425e-01
1832 -7.667001e-01
1833 -7.905193e-01
1834 -7.517627e-01
1835 -7.309162e-01
1836 -7.046368e-01
1837 -2.831727e-02
1838 -7.220364e-02
1839 -5.002653e-02
1840 -2.121220e-01
1841 -2.065721e-01
1842 -1.767852e-01
1843 -1.096289e-01
1844 -1.364212e-01
1845 -8.713996e-02
1846 -2.624689e-01
1847 -2.960489e-01
1848 -2.560027e-01
1849 -3.666312e-01
1850 -3.128508e-01
1851 -3.320642e-01
1852 -2.793999e-01
1853 -2.613459e-01
1854 -2.289511e-01
1855 -3.142618e-01
1856 -3.388517e-01
1857 -3.502744e-01
1858 -4.445135e-01
1859 -4.721989e-01
1860 -4.321994e-01
1861 -3.989902e-01
1862 -4.372703e-01
1863 -4.089491e-01
1864 -5.107049e-01
1865 -5.513051e-01
1866 -5.364698e-01
1867 -6.827448e-01
1868 -6.555989e-01
1869 -6.461228e-01
1870 -5.855004e-01
1871 -5.974063e-01
1872 -5.597346e-01
1873 -9.579344e-02
1874 -1.085045e-01
1875 -4.765599e-01
1876 -5.022864e-01
1877 -5.689341e-01
1878 -8.950852e-02
1879 -3.931294e-01
1880 -4.693322e-01
1881 -3.086342e-01
1882 -3.292203e-01
1883 -4.487962e-01
1884 -6.647100e-01
1885 -7.090460e-01
1886 -2.296205e-01
1887 -3.130208e-01
1888 -4.945366e-01
1889 -1.358039e-01
1890 -1.021830e-01
1891 -2.287658e-01
1892 -2.459250e-01
1893 -3.407546e-01
1894 -3.770067e-01
1895 -5.791140e-01
1896 -5.357890e-01
1897 -6.302899e-01
1898 -6.775648e-01
1899 -7.338868e-01
1900 -7.697897e-01
1901 -1.025540e-01
1902 -7.126925e-02
1903 -1.555980e-01
1904 -2.028710e-01
1905 -2.573253e-01
1906 -3.052667e-01
1907 -4.373260e-01
1908 -3.736955e-01
1909 -4.286995e-01
1910 -5.589458e-01
1911 -5.542053e-01
1912 -6.233100e-01
1913 -2.038038e-01
1914 -2.258847e-01
1915 -4.663162e-01
1916 -5.880865e-01
1917 -6.518005e-01
1918 -1.723750e-01
1919 -3.558514e-01
1920 -4.973971e-01
1921 -4.086486e-01
1922 -4.120868e-01
1923 -4.242730e-01
1924 -7.309615e-01
1925 -7.371115e-01
1926 -2.576859e-01
1927 -2.653061e-01
1928 -4.609279e-01
1929 -1.513855e-02
1930 -2.055186e-01
1931 -2.387259e-01
1932 -2.406387e-01
1933 -4.511775e-01
1934 -2.624803e-01
1935 -4.777483e-01
1936 -5.930344e-01
1937 -6.577312e-01
1938 -6.630011e-01
1939 -8.070326e-01
1940 -6.929030e-01
1941 -1.143204e-02
1942 -1.285150e-01
1943 -1.783643e-01
1944 -1.836340e-01
1945 -3.407128e-01
1946 -2.283800e-01
1947 -3.607782e-01
1948 -3.708353e-01
1949 -4.914254e-01
1950 -5.059444e-01
1951 -6.094428e-01
1952 -6.028868e-01
1953 -1.550241e-02
1954 -1.061721e-01
1955 -1.234436e-01
1956 -1.239294e-01
1957 -2.304225e-01
1958 -1.401448e-01
1959 -4.892305e-01
1960 -5.567050e-01
1961 -5.793204e-01
1962 -5.816001e-01
1963 -6.648939e-01
1964 -5.976235e-01
1965 -1.267064e-02
1966 -8.102096e-02
1967 -9.995351e-02
1968 -1.022330e-01
1969 -1.883325e-01
1970 -1.219377e-01
1971 -3.998662e-01
1972 -4.248283e-01
1973 -4.690833e-01
1974 -4.797809e-01
1975 -5.434433e-01
1976 -5.199846e-01
1977 -9.659942e-02
1978 -1.152822e-01
1979 -1.453847e-02
1980 -3.386797e-01
1981 -2.442682e-01
1982 -3.112309e-01
1983 -2.160951e-01
1984 -1.352455e-01
1985 -1.167093e-01
1986 -4.332937e-01
1987 -3.674108e-01
1988 -3.428719e-01
1989 -3.807198e-01
1990 -3.640831e-01
1991 -4.620212e-01
1992 -3.626559e-01
1993 -2.604635e-01
1994 -3.420725e-01
1995 -5.065125e-01
1996 -5.410204e-01
1997 -4.588113e-01
1998 -7.097242e-01
1999 -6.448286e-01
2000 -6.703026e-01
2001 -6.235530e-01
2002 -5.767328e-01
2003 -5.477173e-01
2004 -7.750442e-01
2005 -7.501973e-01
2006 -7.185092e-01
2007 -7.773700e-01
2008 -7.629565e-01
2009 -8.264275e-01
2010 -7.599661e-01
2011 -6.875799e-01
2012 -7.367251e-01
2013 -6.040565e-02
2014 -7.841066e-02
2015 -1.001507e-02
2016 -2.303573e-01
2017 -1.682686e-01
2018 -1.946189e-01
2019 -1.488610e-01
2020 -1.010487e-01
2021 -8.140084e-02
2022 -2.984824e-01
2023 -2.745115e-01
2024 -2.391421e-01
2025 -3.312587e-01
2026 -3.003434e-01
2027 -3.776269e-01
2028 -2.936467e-01
2029 -2.128861e-01
2030 -2.610393e-01
2031 -3.167318e-01
2032 -3.679819e-01
2033 -3.160606e-01
2034 -4.827276e-01
2035 -4.442019e-01
2036 -4.191519e-01
2037 -4.295459e-01
2038 -4.309071e-01
2039 -3.820151e-01
2040 -5.339031e-01
2041 -5.605120e-01
2042 -5.011368e-01
2043 -6.763815e-01
2044 -6.293890e-01
2045 -6.754724e-01
2046 -6.153556e-01
2047 -5.619856e-01
2048 -5.622045e-01
2049 -1.559383e-02
2050 -4.657771e-02
2051 -6.226868e-02
2052 -6.239063e-02
2053 -1.089438e-01
2054 -7.803599e-02
2055 -4.921154e-01
2056 -5.169123e-01
2057 -5.316753e-01
2058 -5.327165e-01
2059 -5.712370e-01
2060 -5.463878e-01
2061 -1.321689e-02
2062 -3.842328e-02
2063 -5.230842e-02
2064 -5.334931e-02
2065 -9.233772e-02
2066 -6.789777e-02
2067 -4.171049e-01
2068 -4.264175e-01
2069 -4.466325e-01
2070 -4.555200e-01
2071 -4.841668e-01
2072 -4.754047e-01
2073 -4.146720e-02
2074 -5.615562e-02
2075 -1.415263e-02
2076 -3.809180e-01
2077 -3.449013e-01
2078 -3.623664e-01
2079 -2.103602e-01
2080 -1.865336e-01
2081 -1.700587e-01
2082 -4.217947e-01
2083 -4.047979e-01
2084 -3.865273e-01
2085 -4.377237e-01
2086 -4.232105e-01
2087 -4.647456e-01
2088 -4.149645e-01
2089 -3.740916e-01
2090 -3.982751e-01
2091 -4.601981e-01
2092 -4.794812e-01
2093 -4.466351e-01
2094 -7.247335e-01
2095 -7.042373e-01
2096 -7.050837e-01
2097 -6.070049e-01
2098 -5.978947e-01
2099 -5.789643e-01
2100 -7.544759e-01
2101 -7.538186e-01
2102 -7.354055e-01
2103 -8.151297e-01
2104 -8.051955e-01
2105 -8.313000e-01
2106 -7.895084e-01
2107 -7.638379e-01
2108 -7.749525e-01
2109 -2.593032e-02
2110 -3.617242e-02
2111 -9.246516e-03
2112 -2.453666e-01
2113 -2.253388e-01
2114 -2.265949e-01
2115 -1.374374e-01
2116 -1.268732e-01
2117 -1.126480e-01
2118 -2.755765e-01
2119 -2.753285e-01
2120 -2.560383e-01
2121 -3.808572e-01
2122 -3.618823e-01
2123 -3.939068e-01
2124 -3.231888e-01
2125 -2.942675e-01
2126 -3.039283e-01
2127 -2.877708e-01
2128 -3.088555e-01
2129 -2.918058e-01
2130 -4.668323e-01
2131 -4.601074e-01
2132 -4.409008e-01
2133 -3.965818e-01
2134 -4.066656e-01
2135 -3.835096e-01
2136 -4.929300e-01
2137 -5.127188e-01
2138 -4.871366e-01
2139 -7.092365e-01
2140 -6.885165e-01
2141 -7.045926e-01
2142 -6.148984e-01
2143 -6.008511e-01
2144 -5.913764e-01
2145 -4.557647e-02
2146 -6.117492e-02
2147 -1.535045e-02
2148 -1.825702e-01
2149 -1.377048e-01
2150 -1.663532e-01
2151 -1.072434e-01
2152 -7.727486e-02
2153 -6.153877e-02
2154 -2.281639e-01
2155 -1.997391e-01
2156 -1.836561e-01
2157 -2.017064e-01
2158 -1.861983e-01
2159 -2.317813e-01
2160 -1.858344e-01
2161 -1.398881e-01
2162 -1.700076e-01
2163 -5.058013e-01
2164 -5.223370e-01
2165 -4.844352e-01
2166 -6.215587e-01
2167 -5.872196e-01
2168 -6.054348e-01
2169 -5.623222e-01
2170 -5.410592e-01
2171 -5.254436e-01
2172 -6.583771e-01
2173 -6.402207e-01
2174 -6.252554e-01
2175 -6.465256e-01
2176 -6.339096e-01
2177 -6.688145e-01
2178 -6.326707e-01
2179 -5.965291e-01
2180 -6.187342e-01
2181 -3.477982e-02
2182 -4.764502e-02
2183 -1.207491e-02
2184 -1.421918e-01
2185 -1.083210e-01
2186 -1.269458e-01
2187 -8.435951e-02
2188 -6.257019e-02
2189 -4.888362e-02
2190 -1.794778e-01
2191 -1.617308e-01
2192 -1.458883e-01
2193 -1.755015e-01
2194 -1.592157e-01
2195 -1.964517e-01
2196 -1.561092e-01
2197 -1.185653e-01
2198 -1.402443e-01
2199 -3.859830e-01
2200 -4.068146e-01
2201 -3.810662e-01
2202 -4.840923e-01
2203 -4.619187e-01
2204 -4.620148e-01
2205 -4.423338e-01
2206 -4.381025e-01
2207 -4.173902e-01
2208 -5.178928e-01
2209 -5.183953e-01
2210 -4.966769e-01
2211 -5.625340e-01
2212 -5.420498e-01
2213 -5.668717e-01
2214 -5.314740e-01
2215 -5.056039e-01
2216 -5.104142e-01
2217 -1.675908e-01
2218 -1.269596e-01
2219 -1.513545e-01
2220 -1.486754e-02
2221 -4.386406e-02
2222 -5.912658e-02
2223 -7.216589e-02
2224 -5.698256e-02
2225 -9.887511e-02
2226 -2.497970e-01
2227 -2.738437e-01
2228 -2.910345e-01
2229 -2.588802e-01
2230 -2.764109e-01
2231 -2.377856e-01
2232 -2.804813e-01
2233 -3.185628e-01
2234 -2.979907e-01
2235 -1.946550e-01
2236 -1.782481e-01
2237 -2.209862e-01
2238 -5.972666e-02
2239 -1.038697e-01
2240 -7.530793e-02
2241 -1.333728e-01
2242 -1.601030e-01
2243 -1.764572e-01
2244 -4.224221e-01
2245 -4.051408e-01
2246 -4.431007e-01
2247 -2.939882e-01
2248 -3.346545e-01
2249 -3.109647e-01
2250 -3.623233e-01
2251 -3.833114e-01
2252 -4.010704e-01
2253 -3.071005e-01
2254 -3.510021e-01
2255 -3.222292e-01
2256 -4.574926e-01
2257 -4.334548e-01
2258 -4.174325e-01
2259 -4.070242e-01
2260 -4.223833e-01
2261 -3.800225e-01
2262 -2.619995e-01
2263 -2.907846e-01
2264 -3.065003e-01
2265 -2.845341e-01
2266 -3.011167e-01
2267 -2.579104e-01
2268 -3.029076e-01
2269 -3.455241e-01
2270 -3.190865e-01
2271 -5.705625e-01
2272 -5.413995e-01
2273 -5.508489e-01
2274 -4.691959e-01
2275 -4.867978e-01
2276 -5.048480e-01
2277 -5.052886e-01
2278 -4.865418e-01
2279 -5.184447e-01
2280 -6.594233e-01
2281 -6.694861e-01
2282 -6.872733e-01
2283 -6.329042e-01
2284 -6.527407e-01
2285 -6.277159e-01
2286 -6.623526e-01
2287 -6.860933e-01
2288 -6.811712e-01
2289 -6.239257e-01
2290 -6.068446e-01
2291 -6.376662e-01
2292 -5.099716e-01
2293 -5.446327e-01
2294 -5.272879e-01
2295 -5.687470e-01
2296 -5.826881e-01
2297 -6.007478e-01
2298 -7.866376e-01
2299 -7.708188e-01
2300 -7.925859e-01
2301 -6.942482e-01
2302 -7.207493e-01
2303 -7.108276e-01
2304 -7.398098e-01
2305 -7.458373e-01
2306 -7.630747e-01
2307 -7.252108e-01
2308 -7.559554e-01
2309 -7.365746e-01
2310 -8.183278e-01
2311 -8.071815e-01
2312 -7.942037e-01
2313 -7.919749e-01
2314 -8.036221e-01
2315 -7.759467e-01
2316 -6.916342e-01
2317 -7.109011e-01
2318 -7.237936e-01
2319 -6.956210e-01
2320 -7.110815e-01
2321 -6.808407e-01
2322 -7.153105e-01
2323 -7.441584e-01
2324 -7.293919e-01
2325 -1.079529e-01
2326 -8.294818e-02
2327 -9.464512e-02
2328 -1.074453e-02
2329 -3.059371e-02
2330 -4.223821e-02
2331 -4.908451e-02
2332 -3.774562e-02
2333 -6.459938e-02
2334 -1.805247e-01
2335 -1.909971e-01
2336 -2.079064e-01
2337 -1.618830e-01
2338 -1.780490e-01
2339 -1.553556e-01
2340 -1.857928e-01
2341 -2.081308e-01
2342 -2.026822e-01
2343 -1.454366e-01
2344 -1.302845e-01
2345 -1.597035e-01
2346 -4.365517e-02
2347 -7.506502e-02
2348 -5.626630e-02
2349 -9.638650e-02
2350 -1.116665e-01
2351 -1.260557e-01
2352 -3.156134e-01
2353 -2.961247e-01
2354 -3.202228e-01
2355 -2.148811e-01
2356 -2.418501e-01
2357 -2.323377e-01
2358 -2.618460e-01
2359 -2.673473e-01
2360 -2.865130e-01
2361 -2.625977e-01
2362 -2.975004e-01
2363 -2.803667e-01
2364 -3.598725e-01
2365 -3.509735e-01
2366 -3.315905e-01
2367 -3.357670e-01
2368 -3.548217e-01
2369 -3.220974e-01
2370 -2.220638e-01
2371 -2.398771e-01
2372 -2.574743e-01
2373 -2.171311e-01
2374 -2.345200e-01
2375 -2.028770e-01
2376 -2.406167e-01
2377 -2.717957e-01
2378 -2.583679e-01
2379 -3.675248e-01
2380 -3.537192e-01
2381 -3.444561e-01
2382 -3.390814e-01
2383 -3.395257e-01
2384 -3.606487e-01
2385 -3.436785e-01
2386 -3.222885e-01
2387 -3.387219e-01
2388 -4.765563e-01
2389 -4.669448e-01
2390 -4.909682e-01
2391 -3.957663e-01
2392 -4.204590e-01
2393 -4.101131e-01
2394 -4.387463e-01
2395 -4.482532e-01
2396 -4.633070e-01
2397 -4.661675e-01
2398 -4.435538e-01
2399 -4.608327e-01
2400 -3.727475e-01
2401 -3.935986e-01
2402 -3.939642e-01
2403 -4.110257e-01
2404 -4.064061e-01
2405 -4.291568e-01
2406 -5.877386e-01
2407 -5.634059e-01
2408 -5.727913e-01
2409 -5.074389e-01
2410 -5.208759e-01
2411 -5.310966e-01
2412 -5.346506e-01
2413 -5.201973e-01
2414 -5.451185e-01
2415 -6.201213e-01
2416 -6.407311e-01
2417 -6.408854e-01
2418 -6.437144e-01
2419 -6.535870e-01
2420 -6.308835e-01
2421 -6.533275e-01
2422 -6.750831e-01
2423 -6.576755e-01
2424 -5.862133e-01
2425 -5.864463e-01
2426 -6.080224e-01
2427 -5.308372e-01
2428 -5.538162e-01
2429 -5.355633e-01
2430 -5.682134e-01
2431 -5.853707e-01
2432 -5.905990e-01
2433 -1.561672e-02
2434 -1.560718e-02
2435 -3.121055e-02
2436 -3.124109e-02
2437 -4.683492e-02
2438 -4.685210e-02
2439 -4.928377e-01
2440 -4.925367e-01
2441 -5.060546e-01
2442 -5.065495e-01
2443 -5.197664e-01
2444 -5.199569e-01
2445 -1.347078e-02
2446 -1.334546e-02
2447 -2.668768e-02
2448 -2.718232e-02
2449 -4.039921e-02
2450 -4.076519e-02
2451 -4.251174e-01
2452 -4.211626e-01
2453 -4.327216e-01
2454 -4.407418e-01
2455 -4.483460e-01
2456 -4.524075e-01
2457 -1.382689e-02
2458 -2.765042e-02
2459 -1.393888e-02
2460 -3.998001e-01
2461 -3.905535e-01
2462 -3.874157e-01
2463 -2.071832e-01
2464 -2.087972e-01
2465 -1.951082e-01
2466 -4.154244e-01
2467 -4.186607e-01
2468 -4.061779e-01
2469 -4.655984e-01
2470 -4.517162e-01
2471 -4.654277e-01
2472 -4.394183e-01
2473 -4.273433e-01
2474 -4.258067e-01
2475 -4.363555e-01
2476 -4.483316e-01
2477 -4.398897e-01
2478 -7.293697e-01
2479 -7.272930e-01
2480 -7.214498e-01
2481 -5.978376e-01
2482 -6.024948e-01
2483 -5.919943e-01
2484 -7.430815e-01
2485 -7.488701e-01
2486 -7.410048e-01
2487 -8.328247e-01
2488 -8.240778e-01
2489 -8.325197e-01
2490 -8.016449e-01
2491 -7.958016e-01
2492 -7.929402e-01
2493 -8.646250e-03
2494 -1.729039e-02
2495 -8.848513e-03
2496 -2.500028e-01
2497 -2.479261e-01
2498 -2.422587e-01
2499 -1.315215e-01
2500 -1.344958e-01
2501 -1.256782e-01
2502 -2.637143e-01
2503 -2.696783e-01
2504 -2.616376e-01
2505 -4.051106e-01
2506 -3.930319e-01
2507 -4.014737e-01
2508 -3.353252e-01
2509 -3.294819e-01
2510 -3.249380e-01
2511 -2.728616e-01
2512 -2.803504e-01
2513 -2.792450e-01
2514 -4.560870e-01
2515 -4.616889e-01
2516 -4.511346e-01
2517 -3.795108e-01
2518 -3.880937e-01
2519 -3.813299e-01
2520 -4.717113e-01
2521 -4.823795e-01
2522 -4.773132e-01
2523 -7.246330e-01
2524 -7.170223e-01
2525 -7.181277e-01
2526 -6.117459e-01
2527 -6.135650e-01
2528 -6.051032e-01
2529 -1.519710e-02
2530 -3.039050e-02
2531 -1.525195e-02
2532 -2.110755e-01
2533 -1.969228e-01
2534 -1.962147e-01
2535 -1.065553e-01
2536 -1.069124e-01
2537 -9.168771e-02
2538 -2.266998e-01
2539 -2.274596e-01
2540 -2.125472e-01
2541 -2.322067e-01
2542 -2.169830e-01
2543 -2.321216e-01
2544 -2.157123e-01
2545 -2.008448e-01
2546 -2.005251e-01
2547 -4.795961e-01
2548 -4.927589e-01
2549 -4.813268e-01
2550 -6.404408e-01
2551 -6.311943e-01
2552 -6.289247e-01
2553 -5.587140e-01
2554 -5.605865e-01
2555 -5.479694e-01
2556 -6.541526e-01
2557 -6.563449e-01
2558 -6.449060e-01
2559 -6.700414e-01
2560 -6.583639e-01
2561 -6.697959e-01
2562 -6.545090e-01
2563 -6.437645e-01
2564 -6.427400e-01
2565 -1.159704e-02
2566 -2.319126e-02
2567 -1.175922e-02
2568 -1.610739e-01
2569 -1.518273e-01
2570 -1.497335e-01
2571 -8.215396e-02
2572 -8.326690e-02
2573 -7.140940e-02
2574 -1.747855e-01
2575 -1.771533e-01
2576 -1.655389e-01
2577 -2.020393e-01
2578 -1.887934e-01
2579 -2.002255e-01
2580 -1.779476e-01
2581 -1.672030e-01
2582 -1.654192e-01
2583 -3.659854e-01
2584 -3.760301e-01
2585 -3.711033e-01
2586 -4.887283e-01
2587 -4.866517e-01
2588 -4.799403e-01
2589 -4.307691e-01
2590 -4.366047e-01
2591 -4.267781e-01
2592 -5.043527e-01
2593 -5.111852e-01
2594 -5.022761e-01
2595 -5.829950e-01
2596 -5.728344e-01
2597 -5.777612e-01
2598 -5.399262e-01
2599 -5.359351e-01
2600 -5.302175e-01
2601 -1.920446e-01
2602 -1.799696e-01
2603 -1.785237e-01
2604 -1.501037e-02
2605 -1.494078e-02
2606 -2.987791e-02
2607 -1.009336e-01
2608 -8.656031e-02
2609 -1.002719e-01
2610 -2.521968e-01
2611 -2.510275e-01
2612 -2.654137e-01
2613 -2.323128e-01
2614 -2.456265e-01
2615 -2.341944e-01
2616 -2.566471e-01
2617 -2.687220e-01
2618 -2.704954e-01
2619 -2.240891e-01
2620 -2.093976e-01
2621 -2.231092e-01
2622 -3.014892e-02
2623 -4.501646e-02
2624 -4.521419e-02
2625 -1.346541e-01
2626 -1.340298e-01
2627 -1.488068e-01
2628 -4.493224e-01
2629 -4.359255e-01
2630 -4.473575e-01
2631 -2.678211e-01
2632 -2.810380e-01
2633 -2.822724e-01
2634 -3.658041e-01
2635 -3.641081e-01
2636 -3.778791e-01
2637 -2.775228e-01
2638 -2.923903e-01
2639 -2.924975e-01
2640 -4.545570e-01
2641 -4.560804e-01
2642 -4.424820e-01
2643 -3.784904e-01
2644 -3.928052e-01
2645 -3.790937e-01
2646 -2.623840e-01
2647 -2.622238e-01
2648 -2.772516e-01
2649 -2.553341e-01
2650 -2.699670e-01
2651 -2.562555e-01
2652 -2.748161e-01
2653 -2.889687e-01
2654 -2.896448e-01
2655 -5.826989e-01
2656 -5.768556e-01
2657 -5.722211e-01
2658 -4.737034e-01
2659 -4.715072e-01
2660 -4.844479e-01
2661 -5.292380e-01
2662 -5.173265e-01
2663 -5.257683e-01
2664 -6.657582e-01
2665 -6.626716e-01
2666 -6.733624e-01
2667 -6.132687e-01
2668 -6.231625e-01
2669 -6.182358e-01
2670 -6.511217e-01
2671 -6.569649e-01
2672 -6.613004e-01
2673 -6.466196e-01
2674 -6.353502e-01
2675 -6.437921e-01
2676 -4.888421e-01
2677 -4.995867e-01
2678 -5.017809e-01
2679 -5.742108e-01
2680 -5.715487e-01
2681 -5.834574e-01
2682 -8.037144e-01
2683 -7.952731e-01
2684 -8.001999e-01
2685 -6.794699e-01
2686 -6.870742e-01
2687 -6.900918e-01
2688 -7.469169e-01
2689 -7.434541e-01
2690 -7.527601e-01
2691 -7.040814e-01
2692 -7.148260e-01
2693 -7.150880e-01
2694 -8.130772e-01
2695 -8.158021e-01
2696 -8.072339e-01
2697 -7.728187e-01
2698 -7.824923e-01
2699 -7.740504e-01
2700 -6.926491e-01
2701 -6.922262e-01
2702 -7.033937e-01
2703 -6.740398e-01
2704 -6.849140e-01
2705 -6.764721e-01
2706 -6.972154e-01
2707 -7.064620e-01
2708 -7.081147e-01
2709 -1.200894e-01
2710 -1.142461e-01
2711 -1.116346e-01
2712 -1.109370e-02
2713 -1.092045e-02
2714 -2.183824e-02
2715 -6.865124e-02
2716 -5.887506e-02
2717 -6.731693e-02
2718 -1.863912e-01
2719 -1.834803e-01
2720 -1.939955e-01
2721 -1.452700e-01
2722 -1.535953e-01
2723 -1.486684e-01
2724 -1.745618e-01
2725 -1.804051e-01
2726 -1.839809e-01
2727 -1.674284e-01
2728 -1.564516e-01
2729 -1.648935e-01
2730 -2.252575e-02
2731 -3.327029e-02
2732 -3.378175e-02
2733 -9.951881e-02
2734 -9.796461e-02
2735 -1.087654e-01
2736 -3.357120e-01
2737 -3.257024e-01
2738 -3.306292e-01
2739 -2.001028e-01
2740 -2.077070e-01
2741 -2.109001e-01
2742 -2.703553e-01
2743 -2.661331e-01
2744 -2.761985e-01
2745 -2.414683e-01
2746 -2.522128e-01
2747 -2.544976e-01
2748 -3.504638e-01
2749 -3.552115e-01
2750 -3.446205e-01
2751 -3.122285e-01
2752 -3.240373e-01
2753 -3.155954e-01
2754 -2.263297e-01
2755 -2.242241e-01
2756 -2.370743e-01
2757 -1.948482e-01
2758 -2.060148e-01
2759 -1.975729e-01
2760 -2.225216e-01
2761 -2.317681e-01
2762 -2.345286e-01
2763 -3.643723e-01
2764 -3.661914e-01
2765 -3.578204e-01
2766 -3.501007e-01
2767 -3.446331e-01
2768 -3.540918e-01
2769 -3.599680e-01
2770 -3.518662e-01
2771 -3.529716e-01
2772 -4.920433e-01
2773 -4.843589e-01
2774 -4.921730e-01
2775 -3.834880e-01
2776 -3.896747e-01
2777 -3.924596e-01
2778 -4.428685e-01
2779 -4.410494e-01
2780 -4.497917e-01
2781 -4.831234e-01
2782 -4.747034e-01
2783 -4.758087e-01
2784 -3.652393e-01
2785 -3.692303e-01
2786 -3.749065e-01
2787 -4.243831e-01
2788 -4.177554e-01
2789 -4.264597e-01
2790 -6.004976e-01
2791 -5.941906e-01
2792 -5.914058e-01
2793 -5.076676e-01
2794 -5.077974e-01
2795 -5.156038e-01
2796 -5.520256e-01
2797 -5.434044e-01
2798 -5.502064e-01
2799 -6.126131e-01
2800 -6.166042e-01
2801 -6.221899e-01
2802 -6.268847e-01
2803 -6.353771e-01
2804 -6.287038e-01
2805 -6.375247e-01
2806 -6.455049e-01
2807 -6.443995e-01
2808 -5.974744e-01
2809 -5.919161e-01
2810 -6.014654e-01
2811 -5.143683e-01
2812 -5.226665e-01
2813 -5.215612e-01
2814 -5.645450e-01
2815 -5.666216e-01
2816 -5.733704e-01
2817 -1.553096e-02
2818 -3.105812e-02
2819 -1.555571e-02
2820 -9.305310e-02
2821 -7.770264e-02
2822 -7.757898e-02
2823 -4.665195e-02
2824 -4.671481e-02
2825 -3.114955e-02
2826 -1.086775e-01
2827 -1.088239e-01
2828 -9.332701e-02
2829 -1.091437e-01
2830 -9.360127e-02
2831 -1.091037e-01
2832 -9.350979e-02
2833 -7.800738e-02
2834 -7.795973e-02
2835 -4.901314e-01
2836 -5.035833e-01
2837 -4.909126e-01
2838 -5.561291e-01
2839 -5.440542e-01
2840 -5.431884e-01
2841 -5.177362e-01
2842 -5.184337e-01
2843 -5.050655e-01
2844 -5.698409e-01
2845 -5.706086e-01
2846 -5.577659e-01
2847 -5.722851e-01
2848 -5.594047e-01
2849 -5.720753e-01
2850 -5.588582e-01
2851 -5.461875e-01
2852 -5.458539e-01
2853 -1.281192e-02
2854 -2.562073e-02
2855 -1.295008e-02
2856 -7.676220e-02
2857 -6.468726e-02
2858 -6.399714e-02
2859 -3.883762e-02
2860 -3.924249e-02
2861 -2.616698e-02
2862 -9.047375e-02
2863 -9.141689e-02
2864 -7.839881e-02
2865 -9.496408e-02
2866 -8.144086e-02
2867 -9.411153e-02
2868 -7.995887e-02
2869 -6.728821e-02
2870 -6.666223e-02
2871 -4.043250e-01
2872 -4.154220e-01
2873 -4.086851e-01
2874 -4.587689e-01
2875 -4.529256e-01
2876 -4.480936e-01
2877 -4.310158e-01
2878 -4.355089e-01
2879 -4.242789e-01
2880 -4.743932e-01
2881 -4.793385e-01
2882 -4.685500e-01
2883 -4.979377e-01
2884 -4.867306e-01
2885 -4.934675e-01
2886 -4.778736e-01
2887 -4.711368e-01
2888 -4.667538e-01
2889 -8.284333e-02
2890 -6.962643e-02
2891 -6.906702e-02
2892 -1.435256e-02
2893 -1.425433e-02
2894 -2.850519e-02
2895 -4.212871e-02
2896 -2.809152e-02
2897 -4.180306e-02
2898 -3.497734e-01
2899 -3.473797e-01
2900 -3.605180e-01
2901 -3.369632e-01
2902 -3.497074e-01
2903 -3.396923e-01
2904 -3.552862e-01
2905 -3.653013e-01
2906 -3.681470e-01
2907 -2.147396e-01
2908 -2.006611e-01
2909 -2.133318e-01
2910 -1.438916e-01
2911 -1.571085e-01
2912 -1.581454e-01
2913 -1.853106e-01
2914 -1.840425e-01
2915 -1.979813e-01
2916 -4.305759e-01
2917 -4.177379e-01
2918 -4.277530e-01
2919 -3.653978e-01
2920 -3.761424e-01
2921 -3.786247e-01
2922 -4.021440e-01
2923 -3.993920e-01
2924 -4.121591e-01
2925 -3.951190e-01
2926 -4.092716e-01
2927 -4.094217e-01
2928 -4.636097e-01
2929 -4.642344e-01
2930 -4.503928e-01
2931 -4.372960e-01
2932 -4.512748e-01
2933 -4.375633e-01
2934 -3.761267e-01
2935 -3.751550e-01
2936 -3.893437e-01
2937 -3.703546e-01
2938 -3.843618e-01
2939 -3.716911e-01
2940 -3.870417e-01
2941 -3.997124e-01
2942 -4.010520e-01
2943 -4.951124e-01
2944 -4.875082e-01
2945 -4.835914e-01
2946 -4.529443e-01
2947 -4.498446e-01
2948 -4.621908e-01
2949 -4.675395e-01
2950 -4.554836e-01
2951 -4.639254e-01
2952 -7.141854e-01
2953 -7.092979e-01
2954 -7.181765e-01
2955 -6.880291e-01
2956 -6.966414e-01
2957 -6.936016e-01
2958 -7.077545e-01
2959 -7.107943e-01
2960 -7.163314e-01
2961 -6.196419e-01
2962 -6.088426e-01
2963 -6.155795e-01
2964 -5.641861e-01
2965 -5.717903e-01
2966 -5.755637e-01
2967 -5.939749e-01
2968 -5.899101e-01
2969 -6.007118e-01
2970 -7.701829e-01
2971 -7.620938e-01
2972 -7.651336e-01
2973 -7.278972e-01
2974 -7.318883e-01
2975 -7.367182e-01
2976 -7.488766e-01
2977 -7.437517e-01
2978 -7.519164e-01
2979 -7.871005e-01
2980 -7.963470e-01
2981 -7.966388e-01
2982 -8.292687e-01
2983 -8.303857e-01
2984 -8.216644e-01
2985 -8.143337e-01
2986 -8.232730e-01
2987 -8.148312e-01
2988 -7.679931e-01
2989 -7.660090e-01
2990 -7.755973e-01
2991 -7.562080e-01
2992 -7.656737e-01
2993 -7.589368e-01
2994 -7.710119e-01
2995 -7.777489e-01
2996 -7.803554e-01
2997 -5.180369e-02
2998 -4.419941e-02
2999 -4.318907e-02
3000 -9.635497e-03
3001 -9.442158e-03
3002 -1.888202e-02
3003 -2.713704e-02
3004 -1.809503e-02
3005 -2.653691e-02
3006 -2.348185e-01
3007 -2.301067e-01
3008 -2.388096e-01
3009 -2.107098e-01
3010 -2.186790e-01
3011 -2.156392e-01
3012 -2.288560e-01
3013 -2.318959e-01
3014 -2.371403e-01
3015 -1.460579e-01
3016 -1.364822e-01
3017 -1.432191e-01
3018 -9.786970e-02
3019 -1.054740e-01
3020 -1.075646e-01
3021 -1.244073e-01
3022 -1.219110e-01
3023 -1.311442e-01
3024 -2.928617e-01
3025 -2.841298e-01
3026 -2.871696e-01
3027 -2.485300e-01
3028 -2.525211e-01
3029 -2.575264e-01
3030 -2.699772e-01
3031 -2.645599e-01
3032 -2.730170e-01
3033 -3.437872e-01
3034 -3.530338e-01
3035 -3.562319e-01
3036 -3.859553e-01
3037 -3.899787e-01
3038 -3.783511e-01
3039 -3.739267e-01
3040 -3.858799e-01
3041 -3.774380e-01
3042 -3.016737e-01
3043 -2.980070e-01
3044 -3.092779e-01
3045 -2.826218e-01
3046 -2.933109e-01
3047 -2.865740e-01
3048 -3.014415e-01
3049 -3.081784e-01
3050 -3.123533e-01
3051 -3.096032e-01
3052 -3.094734e-01
3053 -3.023989e-01
3054 -3.040816e-01
3055 -2.979801e-01
3056 -3.061583e-01
3057 -3.011633e-01
3058 -2.933976e-01
3059 -2.945030e-01
3060 -4.794637e-01
3061 -4.698429e-01
3062 -4.757241e-01
3063 -4.302364e-01
3064 -4.356218e-01
3065 -4.403017e-01
3066 -4.558955e-01
3067 -4.512156e-01
3068 -4.614202e-01
3069 -4.214572e-01
3070 -4.141119e-01
3071 -4.132656e-01
3072 -3.837383e-01
3073 -3.838681e-01
3074 -3.914769e-01
3075 -3.987615e-01
3076 -3.907601e-01
3077 -3.979152e-01
3078 -5.238492e-01
3079 -5.183472e-01
3080 -5.136673e-01
3081 -4.950881e-01
3082 -4.913484e-01
3083 -5.010878e-01
3084 -5.027533e-01
3085 -4.926651e-01
3086 -4.980734e-01
3087 -6.848480e-01
3088 -6.869247e-01
3089 -6.931474e-01
3090 -6.903696e-01
3091 -6.975663e-01
3092 -6.902398e-01
3093 -6.963306e-01
3094 -7.039747e-01
3095 -7.028693e-01
3096 -6.159734e-01
3097 -6.084865e-01
3098 -6.161032e-01
3099 -5.770722e-01
3100 -5.842956e-01
3101 -5.851420e-01
3102 -6.004926e-01
3103 -5.996463e-01
3104 -6.077697e-01
3105 -9.105284e-02
3106 -7.618530e-02
3107 -7.591135e-02
3108 -1.543396e-02
3109 -1.539408e-02
3110 -3.078441e-02
3111 -4.589426e-02
3112 -3.060240e-02
3113 -4.574095e-02
3114 -1.384540e-01
3115 -1.380963e-01
3116 -1.533215e-01
3117 -1.363292e-01
3118 -1.513597e-01
3119 -1.368212e-01
3120 -1.524150e-01
3121 -1.669535e-01
3122 -1.675131e-01
3123 -1.080792e-01
3124 -9.268832e-02
3125 -1.078269e-01
3126 -3.093637e-02
3127 -4.628682e-02
3128 -4.639512e-02
3129 -7.709449e-02
3130 -7.689530e-02
3131 -9.223305e-02
3132 -2.299419e-01
3133 -2.148667e-01
3134 -2.294052e-01
3135 -1.540784e-01
3136 -1.689459e-01
3137 -1.693412e-01
3138 -1.992728e-01
3139 -1.987580e-01
3140 -2.138113e-01
3141 -1.555959e-01
3142 -1.709464e-01
3143 -1.710091e-01
3144 -2.312148e-01
3145 -2.315263e-01
3146 -2.163473e-01
3147 -2.015093e-01
3148 -2.167710e-01
3149 -2.016324e-01
3150 -1.400934e-01
3151 -1.400078e-01
3152 -1.554439e-01
3153 -1.393241e-01
3154 -1.546847e-01
3155 -1.395462e-01
3156 -1.551400e-01
3157 -1.702786e-01
3158 -1.705080e-01
3159 -5.441753e-01
3160 -5.334307e-01
3161 -5.315127e-01
3162 -4.870707e-01
3163 -4.858123e-01
3164 -4.991456e-01
3165 -5.093279e-01
3166 -4.961945e-01
3167 -5.076266e-01
3168 -5.904142e-01
3169 -5.888888e-01
3170 -6.011587e-01
3171 -5.813538e-01
3172 -5.934668e-01
3173 -5.834516e-01
3174 -5.976045e-01
3175 -6.076196e-01
3176 -6.096560e-01
3177 -5.667040e-01
3178 -5.539492e-01
3179 -5.653813e-01
3180 -5.016094e-01
3181 -5.136843e-01
3182 -5.148861e-01
3183 -5.397963e-01
3184 -5.384017e-01
3185 -5.512284e-01
3186 -6.635073e-01
3187 -6.519436e-01
3188 -6.619587e-01
3189 -6.041259e-01
3190 -6.148705e-01
3191 -6.163090e-01
3192 -6.387264e-01
3193 -6.370762e-01
3194 -6.487415e-01
3195 -6.100755e-01
3196 -6.221504e-01
3197 -6.223784e-01
3198 -6.671799e-01
3199 -6.680787e-01
3200 -6.564354e-01
3201 -6.458940e-01
3202 -6.577207e-01
3203 -6.462887e-01
3204 -5.974045e-01
3205 -5.970397e-01
3206 -6.094795e-01
3207 -5.941242e-01
3208 -6.065032e-01
3209 -5.950712e-01
3210 -6.082883e-01
3211 -6.197204e-01
3212 -6.205553e-01
3213 -6.948329e-02
3214 -5.873874e-02
3215 -5.792867e-02
3216 -1.237882e-02
3217 -1.222836e-02
3218 -2.445374e-02
3219 -3.574394e-02
3220 -2.383413e-02
3221 -3.526618e-02
3222 -1.110472e-01
3223 -1.096975e-01
3224 -1.217918e-01
3225 -1.040342e-01
3226 -1.155041e-01
3227 -1.054890e-01
3228 -1.187059e-01
3229 -1.287210e-01
3230 -1.304648e-01
3231 -8.751275e-02
3232 -7.505063e-02
3233 -8.648270e-02
3234 -2.504946e-02
3235 -3.712438e-02
3236 -3.756655e-02
3237 -6.183372e-02
3238 -6.108215e-02
3239 -7.326578e-02
3240 -1.861864e-01
3241 -1.739799e-01
3242 -1.839950e-01
3243 -1.247588e-01
3244 -1.355034e-01
3245 -1.371173e-01
3246 -1.598272e-01
3247 -1.578846e-01
3248 -1.698423e-01
3249 -1.353815e-01
3250 -1.474564e-01
3251 -1.487922e-01
3252 -1.924861e-01
3253 -1.944926e-01
3254 -1.817415e-01
3255 -1.723078e-01
3256 -1.853580e-01
3257 -1.739259e-01
3258 -1.208430e-01
3259 -1.197188e-01
3260 -1.329179e-01
3261 -1.149325e-01
3262 -1.276040e-01
3263 -1.161719e-01
3264 -1.303246e-01
3265 -1.417566e-01
3266 -1.432344e-01
3267 -4.152667e-01
3268 -4.112756e-01
3269 -4.056037e-01
3270 -3.906569e-01
3271 -3.859087e-01
3272 -3.965002e-01
3273 -3.966826e-01
3274 -3.864538e-01
3275 -3.913806e-01
3276 -4.735443e-01
3277 -4.677886e-01
3278 -4.775354e-01
3279 -4.436381e-01
3280 -4.528817e-01
3281 -4.498420e-01
3282 -4.654358e-01
3283 -4.684756e-01
3284 -4.748220e-01
3285 -4.588675e-01
3286 -4.485398e-01
3287 -4.534665e-01
3288 -4.061594e-01
3289 -4.120026e-01
3290 -4.169097e-01
3291 -4.329459e-01
3292 -4.276837e-01
3293 -4.378727e-01
3294 -5.372509e-01
3295 -5.278875e-01
3296 -5.309273e-01
3297 -4.891687e-01
3298 -4.931598e-01
3299 -4.990335e-01
3300 -5.122936e-01
3301 -5.060669e-01
3302 -5.153334e-01
3303 -5.308189e-01
3304 -5.366621e-01
3305 -5.415237e-01
3306 -5.554287e-01
3307 -5.612187e-01
3308 -5.514376e-01
3309 -5.522976e-01
3310 -5.624106e-01
3311 -5.574838e-01
3312 -5.153164e-01
3313 -5.105225e-01
3314 -5.211596e-01
3315 -4.901124e-01
3316 -5.003244e-01
3317 -4.953976e-01
3318 -5.109915e-01
3319 -5.159182e-01
3320 -5.212964e-01
3321 -1.287531e-01
3322 -1.278719e-01
3323 -1.419700e-01
3324 -1.240375e-01
3325 -1.377128e-01
3326 -1.250421e-01
3327 -1.399097e-01
3328 -1.525804e-01
3329 -1.537690e-01
3330 -1.462611e-02
3331 -2.924866e-02
3332 -1.471018e-02
3333 -8.763179e-02
3334 -7.347915e-02
3335 -7.305919e-02
3336 -4.411620e-02
3337 -4.435756e-02
3338 -2.957772e-02
3339 -2.889103e-02
3340 -4.304367e-02
3341 -4.332773e-02
3342 -9.738182e-02
3343 -9.814045e-02
3344 -8.416491e-02
3345 -7.120212e-02
3346 -8.540431e-02
3347 -7.169276e-02
3348 -2.457407e-01
3349 -2.598239e-01
3350 -2.471532e-01
3351 -3.154883e-01
3352 -3.034134e-01
3353 -3.016793e-01
3354 -2.754178e-01
3355 -2.769246e-01
3356 -2.627471e-01
3357 -2.982493e-01
3358 -2.875047e-01
3359 -2.851948e-01
3360 -2.411446e-01
3361 -2.394944e-01
3362 -2.532196e-01
3363 -2.630100e-01
3364 -2.495449e-01
3365 -2.609770e-01
3366 -3.137517e-01
3367 -3.161959e-01
3368 -3.030071e-01
3369 -3.251950e-01
3370 -3.116309e-01
3371 -3.230629e-01
3372 -3.074691e-01
3373 -2.960370e-01
3374 -2.940111e-01
3375 -1.501565e-01
3376 -1.643092e-01
3377 -1.650309e-01
3378 -2.186474e-01
3379 -2.198436e-01
3380 -2.054305e-01
3381 -1.929053e-01
3382 -2.075154e-01
3383 -1.938038e-01
3384 -1.027704e-01
3385 -1.033326e-01
3386 -8.861771e-02
3387 -1.053282e-01
3388 -9.032907e-02
3389 -1.048676e-01
3390 -8.951709e-02
3391 -7.497861e-02
3392 -7.463098e-02
3393 -1.312070e-01
3394 -1.456728e-01
3395 -1.319612e-01
3396 -2.031450e-01
3397 -1.899280e-01
3398 -1.888426e-01
3399 -1.610232e-01
3400 -1.619042e-01
3401 -1.473117e-01
3402 -3.813066e-01
3403 -3.933816e-01
3404 -3.951093e-01
3405 -4.384112e-01
3406 -4.408098e-01
3407 -4.276667e-01
3408 -4.186250e-01
3409 -4.320070e-01
3410 -4.205749e-01
3411 -3.311127e-01
3412 -3.329242e-01
3413 -3.190377e-01
3414 -3.393534e-01
3415 -3.251988e-01
3416 -3.378695e-01
3417 -3.222756e-01
3418 -3.096049e-01
3419 -3.081695e-01
3420 -3.564399e-01
3421 -3.699208e-01
3422 -3.584887e-01
3423 -4.229088e-01
3424 -4.121642e-01
3425 -4.098086e-01
3426 -3.855146e-01
3427 -3.876238e-01
3428 -3.740826e-01
3429 -3.501442e-01
3430 -3.506159e-01
3431 -3.359915e-01
3432 -3.516462e-01
3433 -3.369788e-01
3434 -3.515173e-01
3435 -3.366495e-01
3436 -3.221111e-01
3437 -3.219143e-01
3438 -4.610576e-01
3439 -4.473108e-01
3440 -4.599814e-01
3441 -3.912655e-01
3442 -4.044824e-01
3443 -4.054287e-01
3444 -4.324430e-01
3445 -4.313258e-01
3446 -4.451137e-01
3447 -4.490710e-01
3448 -4.358541e-01
3449 -4.351605e-01
3450 -3.805803e-01
3451 -3.803478e-01
3452 -3.947329e-01
3453 -4.082222e-01
3454 -3.939614e-01
3455 -4.076729e-01
3456 -2.609431e-01
3457 -2.758976e-01
3458 -2.613591e-01
3459 -3.350055e-01
3460 -3.208528e-01
3461 -3.203422e-01
3462 -2.912482e-01
3463 -2.916406e-01
3464 -2.767097e-01
3465 -3.278044e-01
3466 -3.145875e-01
3467 -3.134564e-01
3468 -2.593136e-01
3469 -2.586436e-01
3470 -2.734662e-01
3471 -2.865180e-01
3472 -2.718494e-01
3473 -2.855609e-01
3474 -3.433069e-01
3475 -3.444576e-01
3476 -3.300900e-01
3477 -3.482166e-01
3478 -3.336923e-01
3479 -3.474038e-01
3480 -3.320533e-01
3481 -3.183417e-01
3482 -3.175192e-01
3483 -5.490474e-01
3484 -5.452900e-01
3485 -5.566516e-01
3486 -5.289389e-01
3487 -5.399599e-01
3488 -5.332230e-01
3489 -5.485735e-01
3490 -5.553104e-01
3491 -5.596363e-01
3492 -4.615771e-01
3493 -4.742453e-01
3494 -4.642302e-01
3495 -5.237300e-01
3496 -5.144835e-01
3497 -5.115432e-01
3498 -4.895959e-01
3499 -4.922745e-01
3500 -4.795808e-01
3501 -4.684468e-01
3502 -4.776933e-01
3503 -4.808458e-01
3504 -5.106149e-01
3505 -5.145926e-01
3506 -5.030107e-01
3507 -4.985407e-01
3508 -5.104178e-01
3509 -5.019759e-01
3510 -6.487157e-01
3511 -6.591813e-01
3512 -6.524445e-01
3513 -6.994098e-01
3514 -6.935665e-01
3515 -6.896027e-01
3516 -6.733342e-01
3517 -6.770180e-01
3518 -6.665973e-01
3519 -6.611929e-01
3520 -6.572018e-01
3521 -6.519217e-01
3522 -6.365830e-01
3523 -6.322266e-01
3524 -6.424263e-01
3525 -6.430006e-01
3526 -6.331035e-01
3527 -6.380303e-01
3528 -6.757316e-01
3529 -6.809956e-01
3530 -6.717405e-01
3531 -7.003767e-01
3532 -6.908583e-01
3533 -6.957851e-01
3534 -6.816322e-01
3535 -6.767054e-01
3536 -6.720744e-01
3537 -5.887495e-01
3538 -5.979960e-01
3539 -6.006225e-01
3540 -6.309176e-01
3541 -6.343693e-01
3542 -6.233134e-01
3543 -6.183174e-01
3544 -6.296392e-01
3545 -6.211973e-01
3546 -5.388687e-01
3547 -5.418169e-01
3548 -5.296222e-01
3549 -5.522800e-01
3550 -5.398498e-01
3551 -5.498649e-01
3552 -5.349972e-01
3553 -5.249821e-01
3554 -5.225482e-01
3555 -5.595118e-01
3556 -5.711697e-01
3557 -5.627278e-01
3558 -6.163789e-01
3559 -6.087747e-01
3560 -6.052955e-01
3561 -5.860374e-01
3562 -5.892436e-01
3563 -5.775955e-01
3564 -7.595878e-01
3565 -7.654311e-01
3566 -7.687928e-01
3567 -7.841979e-01
3568 -7.884881e-01
3569 -7.802068e-01
3570 -7.795669e-01
3571 -7.881247e-01
3572 -7.831979e-01
3573 -7.131216e-01
3574 -7.170230e-01
3575 -7.072783e-01
3576 -7.308693e-01
3577 -7.209364e-01
3578 -7.276733e-01
3579 -7.144562e-01
3580 -7.077193e-01
3581 -7.044382e-01
3582 -7.277970e-01
3583 -7.369071e-01
3584 -7.319803e-01
3585 -7.715270e-01
3586 -7.675358e-01
3587 -7.631493e-01
3588 -7.501243e-01
3589 -7.542281e-01
3590 -7.451975e-01
3591 -7.541080e-01
3592 -7.551239e-01
3593 -7.448614e-01
3594 -7.573421e-01
3595 -7.470496e-01
3596 -7.570646e-01
3597 -7.463199e-01
3598 -7.363048e-01
3599 -7.358552e-01
3600 -8.247041e-01
3601 -8.160424e-01
3602 -8.227794e-01
3603 -7.794254e-01
3604 -7.870296e-01
3605 -7.888708e-01
3606 -8.052977e-01
3607 -8.032172e-01
3608 -8.120346e-01
3609 -8.192534e-01
3610 -8.116491e-01
3611 -8.103576e-01
3612 -7.770852e-01
3613 -7.766107e-01
3614 -7.863317e-01
3615 -7.943056e-01
3616 -7.847952e-01
3617 -7.932371e-01
3618 -6.888460e-01
3619 -6.999590e-01
3620 -6.899439e-01
3621 -7.426757e-01
3622 -7.334292e-01
3623 -7.322621e-01
3624 -7.120342e-01
3625 -7.129934e-01
3626 -7.020191e-01
3627 -7.267127e-01
3628 -7.191085e-01
3629 -7.165229e-01
3630 -6.845446e-01
3631 -6.827760e-01
3632 -6.937911e-01
3633 -7.004709e-01
3634 -6.896893e-01
3635 -6.981311e-01
3636 -7.393836e-01
3637 -7.418616e-01
3638 -7.317794e-01
3639 -7.499570e-01
3640 -7.397648e-01
3641 -7.482066e-01
3642 -7.361315e-01
3643 -7.276896e-01
3644 -7.258096e-01
3645 -8.643764e-02
3646 -8.470325e-02
3647 -9.404190e-02
3648 -7.756326e-02
3649 -8.611470e-02
3650 -7.937775e-02
3651 -9.012228e-02
3652 -9.685923e-02
3653 -9.904970e-02
3654 -1.020122e-02
3655 -2.039995e-02
3656 -1.038487e-02
3657 -6.112025e-02
3658 -5.187372e-02
3659 -5.095635e-02
3660 -3.114449e-02
3661 -3.168767e-02
3662 -2.112941e-02
3663 -1.965057e-02
3664 -2.889710e-02
3665 -2.946987e-02
3666 -6.181876e-02
3667 -6.321678e-02
3668 -5.421449e-02
3669 -4.716476e-02
3670 -5.657239e-02
3671 -4.813051e-02
3672 -1.713961e-01
3673 -1.812187e-01
3674 -1.744818e-01
3675 -2.200429e-01
3676 -2.141996e-01
3677 -2.104115e-01
3678 -1.944356e-01
3679 -1.978267e-01
3680 -1.876987e-01
3681 -1.865013e-01
3682 -1.825101e-01
3683 -1.783381e-01
3684 -1.618911e-01
3685 -1.586427e-01
3686 -1.677344e-01
3687 -1.694168e-01
3688 -1.607433e-01
3689 -1.656701e-01
3690 -1.991719e-01
3691 -2.036762e-01
3692 -1.951807e-01
3693 -2.211855e-01
3694 -2.119597e-01
3695 -2.168866e-01
3696 -2.036697e-01
3697 -1.987428e-01
3698 -1.947550e-01
3699 -1.121895e-01
3700 -1.214360e-01
3701 -1.233029e-01
3702 -1.543576e-01
3703 -1.570497e-01
3704 -1.467534e-01
3705 -1.409978e-01
3706 -1.516765e-01
3707 -1.432347e-01
3708 -7.255232e-02
3709 -7.381768e-02
3710 -6.330578e-02
3711 -7.869592e-02
3712 -6.748935e-02
3713 -7.750444e-02
3714 -6.542950e-02
3715 -5.541441e-02
3716 -5.454900e-02
3717 -9.151257e-02
3718 -1.016020e-01
3719 -9.316009e-02
3720 -1.416870e-01
3721 -1.340827e-01
3722 -1.317115e-01
3723 -1.136769e-01
3724 -1.156595e-01
3725 -1.052350e-01
3726 -2.848938e-01
3727 -2.907370e-01
3728 -2.952065e-01
3729 -3.095037e-01
3730 -3.149016e-01
3731 -3.055126e-01
3732 -3.059805e-01
3733 -3.157617e-01
3734 -3.108349e-01
3735 -2.337544e-01
3736 -2.378313e-01
3737 -2.279112e-01
3738 -2.535484e-01
3739 -2.429727e-01
3740 -2.497096e-01
3741 -2.355569e-01
3742 -2.288200e-01
3743 -2.252465e-01
3744 -2.486053e-01
3745 -2.580078e-01
3746 -2.530810e-01
3747 -2.949652e-01
3748 -2.909741e-01
3749 -2.858282e-01
3750 -2.721604e-01
3751 -2.769071e-01
3752 -2.672336e-01
3753 -2.914949e-01
3754 -2.945336e-01
3755 -2.822484e-01
3756 -3.059621e-01
3757 -2.932002e-01
3758 -3.032153e-01
3759 -2.878648e-01
3760 -2.778497e-01
3761 -2.752649e-01
3762 -3.733240e-01
3763 -3.621930e-01
3764 -3.689298e-01
3765 -3.168123e-01
3766 -3.244165e-01
3767 -3.282804e-01
3768 -3.468425e-01
3769 -3.426268e-01
3770 -3.535794e-01
3771 -3.704529e-01
3772 -3.628487e-01
3773 -3.589776e-01
3774 -3.282848e-01
3775 -3.252308e-01
3776 -3.375314e-01
3777 -3.429257e-01
3778 -3.309459e-01
3779 -3.393877e-01
3780 -2.152599e-01
3781 -2.275963e-01
3782 -2.175812e-01
3783 -2.763563e-01
3784 -2.671098e-01
3785 -2.642601e-01
3786 -2.424639e-01
3787 -2.449914e-01
3788 -2.324488e-01
3789 -2.501512e-01
3790 -2.425470e-01
3791 -2.392020e-01
3792 -2.079831e-01
3793 -2.054551e-01
3794 -2.172296e-01
3795 -2.231500e-01
3796 -2.117256e-01
3797 -2.201674e-01
3798 -2.646897e-01
3799 -2.682754e-01
3800 -2.570855e-01
3801 -2.819550e-01
3802 -2.701945e-01
3803 -2.786363e-01
3804 -2.637687e-01
3805 -2.553269e-01
3806 -2.522235e-01
3807 -3.685998e-01
3808 -3.612036e-01
3809 -3.687296e-01
3810 -3.307555e-01
3811 -3.376470e-01
3812 -3.384933e-01
3813 -3.533608e-01
3814 -3.525145e-01
3815 -3.604868e-01
3816 -3.219351e-01
3817 -3.307708e-01
3818 -3.277310e-01
3819 -3.652848e-01
3820 -3.632082e-01
3821 -3.567848e-01
3822 -3.456383e-01
3823 -3.516665e-01
3824 -3.425985e-01
3825 -3.186201e-01
3826 -3.206967e-01
3827 -3.270534e-01
3828 -3.241416e-01
3829 -3.314722e-01
3830 -3.240118e-01
3831 -3.302366e-01
3832 -3.381041e-01
3833 -3.369987e-01
3834 -4.524582e-01
3835 -4.597576e-01
3836 -4.606040e-01
3837 -4.878156e-01
3838 -4.896348e-01
3839 -4.809755e-01
3840 -4.753514e-01
3841 -4.836420e-01
3842 -4.761978e-01
3843 -4.134555e-01
3844 -4.171952e-01
3845 -4.076582e-01
3846 -4.273661e-01
3847 -4.187907e-01
3848 -4.255470e-01
3849 -4.141851e-01
3850 -4.078100e-01
3851 -4.050251e-01
3852 -4.289579e-01
3853 -4.386591e-01
3854 -4.326976e-01
3855 -4.763698e-01
3856 -4.698958e-01
3857 -4.671109e-01
3858 -4.515171e-01
3859 -4.543019e-01
3860 -4.451860e-01
3861 -4.398855e-01
3862 -4.419621e-01
3863 -4.487564e-01
3864 -4.454068e-01
3865 -4.531750e-01
3866 -4.452770e-01
3867 -4.519395e-01
3868 -4.602149e-01
3869 -4.591095e-01
3870 -3.804233e-01
3871 -3.870582e-01
3872 -3.783467e-01
3873 -4.126371e-01
3874 -4.033499e-01
3875 -4.063896e-01
3876 -3.910392e-01
3877 -3.879994e-01
3878 -3.819399e-01
3879 -3.902414e-01
3880 -3.983724e-01
3881 -3.972670e-01
3882 -4.299044e-01
3883 -4.297746e-01
3884 -4.221740e-01
3885 -4.137228e-01
3886 -4.209385e-01
3887 -4.126175e-01
3888 -5.675281e-01
3889 -5.657090e-01
3890 -5.744057e-01
3891 -5.536175e-01
3892 -5.632732e-01
3893 -5.573572e-01
3894 -5.698001e-01
3895 -5.760551e-01
3896 -5.788400e-01
3897 -5.034400e-01
3898 -5.122204e-01
3899 -5.052591e-01
3900 -5.460709e-01
3901 -5.386495e-01
3902 -5.378032e-01
3903 -5.222093e-01
3904 -5.230556e-01
3905 -5.148869e-01
3906 -5.076147e-01
3907 -5.139687e-01
3908 -5.167536e-01
3909 -5.381149e-01
3910 -5.418546e-01
3911 -5.322718e-01
3912 -5.295626e-01
3913 -5.387987e-01
3914 -5.323475e-01
3915 -6.277972e-01
3916 -6.343416e-01
3917 -6.257206e-01
3918 -6.589552e-01
3919 -6.499996e-01
3920 -6.530394e-01
3921 -6.381717e-01
3922 -6.351319e-01
3923 -6.292233e-01
3924 -6.677755e-01
3925 -6.607619e-01
3926 -6.599156e-01
3927 -6.311122e-01
3928 -6.312420e-01
3929 -6.387603e-01
3930 -6.458941e-01
3931 -6.380435e-01
3932 -6.450478e-01
3933 -6.758308e-01
3934 -6.757010e-01
3935 -6.684923e-01
3936 -6.703093e-01
3937 -6.640735e-01
3938 -6.723860e-01
3939 -6.672567e-01
3940 -6.592673e-01
3941 -6.603727e-01
3942 -5.682521e-01
3943 -5.774197e-01
3944 -5.743799e-01
3945 -6.126584e-01
3946 -6.105818e-01
3947 -6.040678e-01
3948 -5.927703e-01
3949 -5.989495e-01
3950 -5.897305e-01
3951 -5.545638e-01
3952 -5.544341e-01
3953 -5.467878e-01
3954 -5.490425e-01
3955 -5.423691e-01
3956 -5.511191e-01
3957 -5.455522e-01
3958 -5.371551e-01
3959 -5.382604e-01
3960 -5.700663e-01
3961 -5.777890e-01
3962 -5.699366e-01
3963 -6.072509e-01
3964 -5.989981e-01
3965 -6.001034e-01
3966 -5.847528e-01
3967 -5.836475e-01
3968 -5.765535e-01
