$$HEADERSTART
$$ASCII
$$UNITS/1
$$DATE/230718
$$LAYERS/40
$$HEADEREND
$$GEOMETRYSTART
$$LAYER/0.2
$$POLYLINE/0,1,5,0,0,10,0,10,10,0,10,0,0
$$LAYER/0.45
$$POLYLINE/0,1,5,0,0,10,0,10,10,0,10,0,0
$$LAYER/0.7
$$POLYLINE/0,1,5,0,0,10,0,10,10,0,10,0,0
$$LAYER/0.95
$$POLYLINE/0,1,5,0,0,10,0,10,10,0,10,0,0
$$LAYER/1.2
$$POLYLINE/0,1,5,0,0,10,0,10,10,0,10,0,0
$$LAYER/1.45
$$POLYLINE/0,1,5,0,0,10,0,10,10,0,10,0,0
$$LAYER/1.7
$$POLYLINE/0,1,5,0,0,10,0,10,10,0,10,0,0
$$LAYER/1.95
$$POLYLINE/0,1,5,0,0,10,0,10,10,0,10,0,0
$$LAYER/2.2
$$POLYLINE/0,1,5,0,0,10,0,10,10,0,10,0,0
$$LAYER/2.45
$$POLYLINE/0,1,5,0,0,10,0,10,10,0,10,0,0
$$LAYER/2.7
$$POLYLINE/0,1,5,0,0,10,0,10,10,0,10,0,0
$$LAYER/2.95
$$POLYLINE/0,1,5,0,0,10,0,10,10,0,10,0,0
$$LAYER/3.2
$$POLYLINE/0,1,5,0,0,10,0,10,10,0,10,0,0
$$LAYER/3.45
$$POLYLINE/0,1,5,0,0,10,0,10,10,0,10,0,0
$$LAYER/3.7
$$POLYLINE/0,1,5,0,0,10,0,10,10,0,10,0,0
$$LAYER/3.95
$$POLYLINE/0,1,5,0,0,10,0,10,10,0,10,0,0
$$LAYER/4.2
$$POLYLINE/0,1,5,0,0,10,0,10,10,0,10,0,0
$$LAYER/4.45
$$POLYLINE/0,1,5,0,0,10,0,10,10,0,10,0,0
$$LAYER/4.7
$$POLYLINE/0,1,5,0,0,10,0,10,10,0,10,0,0
$$LAYER/4.95
$$POLYLINE/0,1,5,0,0,10,0,10,10,0,10,0,0
$$LAYER/5.2
$$POLYLINE/0,1,5,0,0,10,0,10,10,0,10,0,0
$$LAYER/5.45
$$POLYLINE/0,1,5,0,0,10,0,10,10,0,10,0,0
$$LAYER/5.7
$$POLYLINE/0,1,5,0,0,10,0,10,10,0,10,0,0
$$LAYER/5.95
$$POLYLINE/0,1,5,0,0,10,0,10,10,0,10,0,0
$$LAYER/6.2
$$POLYLINE/0,1,5,0,0,10,0,10,10,0,10,0,0
$$LAYER/6.45
$$POLYLINE/0,1,5,0,0,10,0,10,10,0,10,0,0
$$LAYER/6.7
$$POLYLINE/0,1,5,0,0,10,0,10,10,0,10,0,0
$$LAYER/6.95
$$POLYLINE/0,1,5,0,0,10,0,10,10,0,10,0,0
$$LAYER/7.2
$$POLYLINE/0,1,5,0,0,10,0,10,10,0,10,0,0
$$LAYER/7.45
$$POLYLINE/0,1,5,0,0,10,0,10,10,0,10,0,0
$$LAYER/7.7
$$POLYLINE/0,1,5,0,0,10,0,10,10,0,10,0,0
$$LAYER/7.95
$$POLYLINE/0,1,5,0,0,10,0,10,10,0,10,0,0
$$LAYER/8.2
$$POLYLINE/0,1,5,0,0,10,0,10,10,0,10,0,0
$$LAYER/8.45
$$POLYLINE/0,1,5,0,0,10,0,10,10,0,10,0,0
$$LAYER/8.7
$$POLYLINE/0,1,5,0,0,10,0,10,10,0,10,0,0
$$LAYER/8.95
$$POLYLINE/0,1,5,0,0,10,0,10,10,0,10,0,0
$$LAYER/9.2
$$POLYLINE/0,1,5,0,0,10,0,10,10,0,10,0,0
$$LAYER/9.45
$$POLYLINE/0,1,5,0,0,10,0,10,10,0,10,0,0
$$LAYER/9.7
$$POLYLINE/0,1,5,0,0,10,0,10,10,0,10,0,0
$$LAYER/9.95
$$POLYLINE/0,1,5,0,0,10,0,10,10,0,10,0,0
$$GEOMETRYEND
