# vtk DataFile Version 2.0
slices example
ASCII
DATASET POLYDATA
POINTS 160 float
0 0 0.2
10 0 0.2
10 10 0.2
0 10 0.2
0 0 0.45
10 0 0.45
10 10 0.45
0 10 0.45
0 0 0.7
10 0 0.7
10 10 0.7
0 10 0.7
0 0 0.95
10 0 0.95
10 10 0.95
0 10 0.95
0 0 1.2
10 0 1.2
10 10 1.2
0 10 1.2
0 0 1.45
10 0 1.45
10 10 1.45
0 10 1.45
0 0 1.7
10 0 1.7
10 10 1.7
0 10 1.7
0 0 1.95
10 0 1.95
10 10 1.95
0 10 1.95
0 0 2.2
10 0 2.2
10 10 2.2
0 10 2.2
0 0 2.45
10 0 2.45
10 10 2.45
0 10 2.45
0 0 2.7
10 0 2.7
10 10 2.7
0 10 2.7
0 0 2.95
10 0 2.95
10 10 2.95
0 10 2.95
0 0 3.2
10 0 3.2
10 10 3.2
0 10 3.2
0 0 3.45
10 0 3.45
10 10 3.45
0 10 3.45
0 0 3.7
10 0 3.7
10 10 3.7
0 10 3.7
0 0 3.95
10 0 3.95
10 10 3.95
0 10 3.95
0 0 4.2
10 0 4.2
10 10 4.2
0 10 4.2
0 0 4.45
10 0 4.45
10 10 4.45
0 10 4.45
0 0 4.7
10 0 4.7
10 10 4.7
0 10 4.7
0 0 4.95
10 0 4.95
10 10 4.95
0 10 4.95
0 0 5.2
10 0 5.2
10 10 5.2
0 10 5.2
0 0 5.45
10 0 5.45
10 10 5.45
0 10 5.45
0 0 5.7
10 0 5.7
10 10 5.7
0 10 5.7
0 0 5.95
10 0 5.95
10 10 5.95
0 10 5.95
0 0 6.2
10 0 6.2
10 10 6.2
0 10 6.2
0 0 6.45
10 0 6.45
10 10 6.45
0 10 6.45
0 0 6.7
10 0 6.7
10 10 6.7
0 10 6.7
0 0 6.95
10 0 6.95
10 10 6.95
0 10 6.95
0 0 7.2
10 0 7.2
10 10 7.2
0 10 7.2
0 0 7.45
10 0 7.45
10 10 7.45
0 10 7.45
0 0 7.7
10 0 7.7
10 10 7.7
0 10 7.7
0 0 7.95
10 0 7.95
10 10 7.95
0 10 7.95
0 0 8.2
10 0 8.2
10 10 8.2
0 10 8.2
0 0 8.45
10 0 8.45
10 10 8.45
0 10 8.45
0 0 8.7
10 0 8.7
10 10 8.7
0 10 8.7
0 0 8.95
10 0 8.95
10 10 8.95
0 10 8.95
0 0 9.2
10 0 9.2
10 10 9.2
0 10 9.2
0 0 9.45
10 0 9.45
10 10 9.45
0 10 9.45
0 0 9.7
10 0 9.7
10 10 9.7
0 10 9.7
0 0 9.95
10 0 9.95
10 10 9.95
0 10 9.95
POLYGONS 40 200
4 0 1 2 3
4 4 5 6 7
4 8 9 10 11
4 12 13 14 15
4 16 17 18 19
4 20 21 22 23
4 24 25 26 27
4 28 29 30 31
4 32 33 34 35
4 36 37 38 39
4 40 41 42 43
4 44 45 46 47
4 48 49 50 51
4 52 53 54 55
4 56 57 58 59
4 60 61 62 63
4 64 65 66 67
4 68 69 70 71
4 72 73 74 75
4 76 77 78 79
4 80 81 82 83
4 84 85 86 87
4 88 89 90 91
4 92 93 94 95
4 96 97 98 99
4 100 101 102 103
4 104 105 106 107
4 108 109 110 111
4 112 113 114 115
4 116 117 118 119
4 120 121 122 123
4 124 125 126 127
4 128 129 130 131
4 132 133 134 135
4 136 137 138 139
4 140 141 142 143
4 144 145 146 147
4 148 149 150 151
4 152 153 154 155
4 156 157 158 159
