/*--------------------------------*- C++ -*----------------------------------*\
  =========                 |
  \\      /  F ield         | OpenFOAM: The Open Source CFD Toolbox
   \\    /   O peration     | Website:  https://openfoam.org
    \\  /    A nd           | Version:  dev
     \\/     M anipulation  |
\*---------------------------------------------------------------------------*/
FoamFile
{
    format      ascii;
    class       faceList;
    location    "constant/polyMesh";
    object      faces;
}
// * * * * * * * * * * * * * * * * * * * * * * * * * * * * * * * * * * * * * //


4070
(
4(1 12 133 122)
4(11 132 133 12)
4(0 1 122 121)
4(2 13 134 123)
4(12 133 134 13)
4(1 2 123 122)
4(3 14 135 124)
4(13 134 135 14)
4(2 3 124 123)
4(4 15 136 125)
4(14 135 136 15)
4(3 4 125 124)
4(5 16 137 126)
4(15 136 137 16)
4(4 5 126 125)
4(6 17 138 127)
4(16 137 138 17)
4(5 6 127 126)
4(7 18 139 128)
4(17 138 139 18)
4(6 7 128 127)
4(8 19 140 129)
4(18 139 140 19)
4(7 8 129 128)
4(9 20 141 130)
4(19 140 141 20)
4(8 9 130 129)
4(20 141 142 21)
4(9 10 131 130)
4(10 21 142 131)
4(12 23 144 133)
4(22 143 144 23)
4(13 24 145 134)
4(23 144 145 24)
4(14 25 146 135)
4(24 145 146 25)
4(15 26 147 136)
4(25 146 147 26)
4(16 27 148 137)
4(26 147 148 27)
4(17 28 149 138)
4(27 148 149 28)
4(18 29 150 139)
4(28 149 150 29)
4(19 30 151 140)
4(29 150 151 30)
4(20 31 152 141)
4(30 151 152 31)
4(31 152 153 32)
4(21 32 153 142)
4(23 34 155 144)
4(33 154 155 34)
4(24 35 156 145)
4(34 155 156 35)
4(25 36 157 146)
4(35 156 157 36)
4(26 37 158 147)
4(36 157 158 37)
4(27 38 159 148)
4(37 158 159 38)
4(28 39 160 149)
4(38 159 160 39)
4(29 40 161 150)
4(39 160 161 40)
4(30 41 162 151)
4(40 161 162 41)
4(31 42 163 152)
4(41 162 163 42)
4(42 163 164 43)
4(32 43 164 153)
4(34 45 166 155)
4(44 165 166 45)
4(35 46 167 156)
4(45 166 167 46)
4(36 47 168 157)
4(46 167 168 47)
4(37 48 169 158)
4(47 168 169 48)
4(38 49 170 159)
4(48 169 170 49)
4(39 50 171 160)
4(49 170 171 50)
4(40 51 172 161)
4(50 171 172 51)
4(41 52 173 162)
4(51 172 173 52)
4(42 53 174 163)
4(52 173 174 53)
4(53 174 175 54)
4(43 54 175 164)
4(45 56 177 166)
4(55 176 177 56)
4(46 57 178 167)
4(56 177 178 57)
4(47 58 179 168)
4(57 178 179 58)
4(48 59 180 169)
4(58 179 180 59)
4(49 60 181 170)
4(59 180 181 60)
4(50 61 182 171)
4(60 181 182 61)
4(51 62 183 172)
4(61 182 183 62)
4(52 63 184 173)
4(62 183 184 63)
4(53 64 185 174)
4(63 184 185 64)
4(64 185 186 65)
4(54 65 186 175)
4(56 67 188 177)
4(66 187 188 67)
4(57 68 189 178)
4(67 188 189 68)
4(58 69 190 179)
4(68 189 190 69)
4(59 70 191 180)
4(69 190 191 70)
4(60 71 192 181)
4(70 191 192 71)
4(61 72 193 182)
4(71 192 193 72)
4(62 73 194 183)
4(72 193 194 73)
4(63 74 195 184)
4(73 194 195 74)
4(64 75 196 185)
4(74 195 196 75)
4(75 196 197 76)
4(65 76 197 186)
4(67 78 199 188)
4(77 198 199 78)
4(68 79 200 189)
4(78 199 200 79)
4(69 80 201 190)
4(79 200 201 80)
4(70 81 202 191)
4(80 201 202 81)
4(71 82 203 192)
4(81 202 203 82)
4(72 83 204 193)
4(82 203 204 83)
4(73 84 205 194)
4(83 204 205 84)
4(74 85 206 195)
4(84 205 206 85)
4(75 86 207 196)
4(85 206 207 86)
4(86 207 208 87)
4(76 87 208 197)
4(78 89 210 199)
4(88 209 210 89)
4(79 90 211 200)
4(89 210 211 90)
4(80 91 212 201)
4(90 211 212 91)
4(81 92 213 202)
4(91 212 213 92)
4(82 93 214 203)
4(92 213 214 93)
4(83 94 215 204)
4(93 214 215 94)
4(84 95 216 205)
4(94 215 216 95)
4(85 96 217 206)
4(95 216 217 96)
4(86 97 218 207)
4(96 217 218 97)
4(97 218 219 98)
4(87 98 219 208)
4(89 100 221 210)
4(99 220 221 100)
4(90 101 222 211)
4(100 221 222 101)
4(91 102 223 212)
4(101 222 223 102)
4(92 103 224 213)
4(102 223 224 103)
4(93 104 225 214)
4(103 224 225 104)
4(94 105 226 215)
4(104 225 226 105)
4(95 106 227 216)
4(105 226 227 106)
4(96 107 228 217)
4(106 227 228 107)
4(97 108 229 218)
4(107 228 229 108)
4(108 229 230 109)
4(98 109 230 219)
4(100 111 232 221)
4(101 112 233 222)
4(102 113 234 223)
4(103 114 235 224)
4(104 115 236 225)
4(105 116 237 226)
4(106 117 238 227)
4(107 118 239 228)
4(108 119 240 229)
4(109 120 241 230)
4(243 254 364 353)
4(253 363 364 254)
4(244 255 365 354)
4(254 364 365 255)
4(245 256 366 355)
4(255 365 366 256)
4(246 257 367 356)
4(256 366 367 257)
4(247 258 368 357)
4(257 367 368 258)
4(248 259 369 358)
4(258 368 369 259)
4(249 260 370 359)
4(259 369 370 260)
4(250 261 371 360)
4(260 370 371 261)
4(251 262 372 361)
4(261 371 372 262)
4(262 372 373 263)
4(252 263 373 362)
4(254 265 375 364)
4(264 374 375 265)
4(255 266 376 365)
4(265 375 376 266)
4(256 267 377 366)
4(266 376 377 267)
4(257 268 378 367)
4(267 377 378 268)
4(258 269 379 368)
4(268 378 379 269)
4(259 270 380 369)
4(269 379 380 270)
4(260 271 381 370)
4(270 380 381 271)
4(261 272 382 371)
4(271 381 382 272)
4(262 273 383 372)
4(272 382 383 273)
4(273 383 384 274)
4(263 274 384 373)
4(265 276 386 375)
4(275 385 386 276)
4(266 277 387 376)
4(276 386 387 277)
4(267 278 388 377)
4(277 387 388 278)
4(268 279 389 378)
4(278 388 389 279)
4(269 280 390 379)
4(279 389 390 280)
4(270 281 391 380)
4(280 390 391 281)
4(271 282 392 381)
4(281 391 392 282)
4(272 283 393 382)
4(282 392 393 283)
4(273 284 394 383)
4(283 393 394 284)
4(284 394 395 285)
4(274 285 395 384)
4(276 287 397 386)
4(286 396 397 287)
4(277 288 398 387)
4(287 397 398 288)
4(278 289 399 388)
4(288 398 399 289)
4(279 290 400 389)
4(289 399 400 290)
4(280 291 401 390)
4(290 400 401 291)
4(281 292 402 391)
4(291 401 402 292)
4(282 293 403 392)
4(292 402 403 293)
4(283 294 404 393)
4(293 403 404 294)
4(284 295 405 394)
4(294 404 405 295)
4(295 405 406 296)
4(285 296 406 395)
4(287 298 408 397)
4(297 407 408 298)
4(288 299 409 398)
4(298 408 409 299)
4(289 300 410 399)
4(299 409 410 300)
4(290 301 411 400)
4(300 410 411 301)
4(291 302 412 401)
4(301 411 412 302)
4(292 303 413 402)
4(302 412 413 303)
4(293 304 414 403)
4(303 413 414 304)
4(294 305 415 404)
4(304 414 415 305)
4(295 306 416 405)
4(305 415 416 306)
4(306 416 417 307)
4(296 307 417 406)
4(298 309 419 408)
4(308 418 419 309)
4(299 310 420 409)
4(309 419 420 310)
4(300 311 421 410)
4(310 420 421 311)
4(301 312 422 411)
4(311 421 422 312)
4(302 313 423 412)
4(312 422 423 313)
4(303 314 424 413)
4(313 423 424 314)
4(304 315 425 414)
4(314 424 425 315)
4(305 316 426 415)
4(315 425 426 316)
4(306 317 427 416)
4(316 426 427 317)
4(317 427 428 318)
4(307 318 428 417)
4(309 320 430 419)
4(319 429 430 320)
4(310 321 431 420)
4(320 430 431 321)
4(311 322 432 421)
4(321 431 432 322)
4(312 323 433 422)
4(322 432 433 323)
4(313 324 434 423)
4(323 433 434 324)
4(314 325 435 424)
4(324 434 435 325)
4(315 326 436 425)
4(325 435 436 326)
4(316 327 437 426)
4(326 436 437 327)
4(317 328 438 427)
4(327 437 438 328)
4(328 438 439 329)
4(318 329 439 428)
4(320 331 441 430)
4(330 440 441 331)
4(321 332 442 431)
4(331 441 442 332)
4(322 333 443 432)
4(332 442 443 333)
4(323 334 444 433)
4(333 443 444 334)
4(324 335 445 434)
4(334 444 445 335)
4(325 336 446 435)
4(335 445 446 336)
4(326 337 447 436)
4(336 446 447 337)
4(327 338 448 437)
4(337 447 448 338)
4(328 339 449 438)
4(338 448 449 339)
4(339 449 450 340)
4(329 340 450 439)
4(331 342 452 441)
4(341 451 452 342)
4(332 343 453 442)
4(342 452 453 343)
4(333 344 454 443)
4(343 453 454 344)
4(334 345 455 444)
4(344 454 455 345)
4(335 346 456 445)
4(345 455 456 346)
4(336 347 457 446)
4(346 456 457 347)
4(337 348 458 447)
4(347 457 458 348)
4(338 349 459 448)
4(348 458 459 349)
4(339 350 460 449)
4(349 459 460 350)
4(350 460 461 351)
4(340 351 461 450)
4(342 1 122 452)
4(343 2 123 453)
4(344 3 124 454)
4(345 4 125 455)
4(346 5 126 456)
4(347 6 127 457)
4(348 7 128 458)
4(349 8 129 459)
4(350 9 130 460)
4(351 10 131 461)
4(462 482 702 682)
4(263 373 702 482)
4(463 483 703 683)
4(482 702 703 483)
4(464 484 704 684)
4(483 703 704 484)
4(465 485 705 685)
4(484 704 705 485)
4(466 486 706 686)
4(485 705 706 486)
4(467 487 707 687)
4(486 706 707 487)
4(468 488 708 688)
4(487 707 708 488)
4(469 489 709 689)
4(488 708 709 489)
4(470 490 710 690)
4(489 709 710 490)
4(471 491 711 691)
4(490 710 711 491)
4(472 492 712 692)
4(491 711 712 492)
4(473 493 713 693)
4(492 712 713 493)
4(474 494 714 694)
4(493 713 714 494)
4(475 495 715 695)
4(494 714 715 495)
4(476 496 716 696)
4(495 715 716 496)
4(477 497 717 697)
4(496 716 717 497)
4(478 498 718 698)
4(497 717 718 498)
4(479 499 719 699)
4(498 718 719 499)
4(480 500 720 700)
4(499 719 720 500)
4(500 720 721 501)
4(482 502 722 702)
4(274 384 722 502)
4(483 503 723 703)
4(502 722 723 503)
4(484 504 724 704)
4(503 723 724 504)
4(485 505 725 705)
4(504 724 725 505)
4(486 506 726 706)
4(505 725 726 506)
4(487 507 727 707)
4(506 726 727 507)
4(488 508 728 708)
4(507 727 728 508)
4(489 509 729 709)
4(508 728 729 509)
4(490 510 730 710)
4(509 729 730 510)
4(491 511 731 711)
4(510 730 731 511)
4(492 512 732 712)
4(511 731 732 512)
4(493 513 733 713)
4(512 732 733 513)
4(494 514 734 714)
4(513 733 734 514)
4(495 515 735 715)
4(514 734 735 515)
4(496 516 736 716)
4(515 735 736 516)
4(497 517 737 717)
4(516 736 737 517)
4(498 518 738 718)
4(517 737 738 518)
4(499 519 739 719)
4(518 738 739 519)
4(500 520 740 720)
4(519 739 740 520)
4(520 740 741 521)
4(502 522 742 722)
4(285 395 742 522)
4(503 523 743 723)
4(522 742 743 523)
4(504 524 744 724)
4(523 743 744 524)
4(505 525 745 725)
4(524 744 745 525)
4(506 526 746 726)
4(525 745 746 526)
4(507 527 747 727)
4(526 746 747 527)
4(508 528 748 728)
4(527 747 748 528)
4(509 529 749 729)
4(528 748 749 529)
4(510 530 750 730)
4(529 749 750 530)
4(511 531 751 731)
4(530 750 751 531)
4(512 532 752 732)
4(531 751 752 532)
4(513 533 753 733)
4(532 752 753 533)
4(514 534 754 734)
4(533 753 754 534)
4(515 535 755 735)
4(534 754 755 535)
4(516 536 756 736)
4(535 755 756 536)
4(517 537 757 737)
4(536 756 757 537)
4(518 538 758 738)
4(537 757 758 538)
4(519 539 759 739)
4(538 758 759 539)
4(520 540 760 740)
4(539 759 760 540)
4(540 760 761 541)
4(522 542 762 742)
4(296 406 762 542)
4(523 543 763 743)
4(542 762 763 543)
4(524 544 764 744)
4(543 763 764 544)
4(525 545 765 745)
4(544 764 765 545)
4(526 546 766 746)
4(545 765 766 546)
4(527 547 767 747)
4(546 766 767 547)
4(528 548 768 748)
4(547 767 768 548)
4(529 549 769 749)
4(548 768 769 549)
4(530 550 770 750)
4(549 769 770 550)
4(531 551 771 751)
4(550 770 771 551)
4(532 552 772 752)
4(551 771 772 552)
4(533 553 773 753)
4(552 772 773 553)
4(534 554 774 754)
4(553 773 774 554)
4(535 555 775 755)
4(554 774 775 555)
4(536 556 776 756)
4(555 775 776 556)
4(537 557 777 757)
4(556 776 777 557)
4(538 558 778 758)
4(557 777 778 558)
4(539 559 779 759)
4(558 778 779 559)
4(540 560 780 760)
4(559 779 780 560)
4(560 780 781 561)
4(542 562 782 762)
4(307 417 782 562)
4(543 563 783 763)
4(562 782 783 563)
4(544 564 784 764)
4(563 783 784 564)
4(545 565 785 765)
4(564 784 785 565)
4(546 566 786 766)
4(565 785 786 566)
4(547 567 787 767)
4(566 786 787 567)
4(548 568 788 768)
4(567 787 788 568)
4(549 569 789 769)
4(568 788 789 569)
4(550 570 790 770)
4(569 789 790 570)
4(551 571 791 771)
4(570 790 791 571)
4(552 572 792 772)
4(571 791 792 572)
4(553 573 793 773)
4(572 792 793 573)
4(554 574 794 774)
4(573 793 794 574)
4(555 575 795 775)
4(574 794 795 575)
4(556 576 796 776)
4(575 795 796 576)
4(557 577 797 777)
4(576 796 797 577)
4(558 578 798 778)
4(577 797 798 578)
4(559 579 799 779)
4(578 798 799 579)
4(560 580 800 780)
4(579 799 800 580)
4(580 800 801 581)
4(562 582 802 782)
4(318 428 802 582)
4(563 583 803 783)
4(582 802 803 583)
4(564 584 804 784)
4(583 803 804 584)
4(565 585 805 785)
4(584 804 805 585)
4(566 586 806 786)
4(585 805 806 586)
4(567 587 807 787)
4(586 806 807 587)
4(568 588 808 788)
4(587 807 808 588)
4(569 589 809 789)
4(588 808 809 589)
4(570 590 810 790)
4(589 809 810 590)
4(571 591 811 791)
4(590 810 811 591)
4(572 592 812 792)
4(591 811 812 592)
4(573 593 813 793)
4(592 812 813 593)
4(574 594 814 794)
4(593 813 814 594)
4(575 595 815 795)
4(594 814 815 595)
4(576 596 816 796)
4(595 815 816 596)
4(577 597 817 797)
4(596 816 817 597)
4(578 598 818 798)
4(597 817 818 598)
4(579 599 819 799)
4(598 818 819 599)
4(580 600 820 800)
4(599 819 820 600)
4(600 820 821 601)
4(582 602 822 802)
4(329 439 822 602)
4(583 603 823 803)
4(602 822 823 603)
4(584 604 824 804)
4(603 823 824 604)
4(585 605 825 805)
4(604 824 825 605)
4(586 606 826 806)
4(605 825 826 606)
4(587 607 827 807)
4(606 826 827 607)
4(588 608 828 808)
4(607 827 828 608)
4(589 609 829 809)
4(608 828 829 609)
4(590 610 830 810)
4(609 829 830 610)
4(591 611 831 811)
4(610 830 831 611)
4(592 612 832 812)
4(611 831 832 612)
4(593 613 833 813)
4(612 832 833 613)
4(594 614 834 814)
4(613 833 834 614)
4(595 615 835 815)
4(614 834 835 615)
4(596 616 836 816)
4(615 835 836 616)
4(597 617 837 817)
4(616 836 837 617)
4(598 618 838 818)
4(617 837 838 618)
4(599 619 839 819)
4(618 838 839 619)
4(600 620 840 820)
4(619 839 840 620)
4(620 840 841 621)
4(602 622 842 822)
4(340 450 842 622)
4(603 623 843 823)
4(622 842 843 623)
4(604 624 844 824)
4(623 843 844 624)
4(605 625 845 825)
4(624 844 845 625)
4(606 626 846 826)
4(625 845 846 626)
4(607 627 847 827)
4(626 846 847 627)
4(608 628 848 828)
4(627 847 848 628)
4(609 629 849 829)
4(628 848 849 629)
4(610 630 850 830)
4(629 849 850 630)
4(611 631 851 831)
4(630 850 851 631)
4(612 632 852 832)
4(631 851 852 632)
4(613 633 853 833)
4(632 852 853 633)
4(614 634 854 834)
4(633 853 854 634)
4(615 635 855 835)
4(634 854 855 635)
4(616 636 856 836)
4(635 855 856 636)
4(617 637 857 837)
4(636 856 857 637)
4(618 638 858 838)
4(637 857 858 638)
4(619 639 859 839)
4(638 858 859 639)
4(620 640 860 840)
4(639 859 860 640)
4(640 860 861 641)
4(622 642 862 842)
4(351 461 862 642)
4(623 643 863 843)
4(642 862 863 643)
4(624 644 864 844)
4(643 863 864 644)
4(625 645 865 845)
4(644 864 865 645)
4(626 646 866 846)
4(645 865 866 646)
4(627 647 867 847)
4(646 866 867 647)
4(628 648 868 848)
4(647 867 868 648)
4(629 649 869 849)
4(648 868 869 649)
4(630 650 870 850)
4(649 869 870 650)
4(631 651 871 851)
4(650 870 871 651)
4(632 652 872 852)
4(651 871 872 652)
4(633 653 873 853)
4(652 872 873 653)
4(634 654 874 854)
4(653 873 874 654)
4(635 655 875 855)
4(654 874 875 655)
4(636 656 876 856)
4(655 875 876 656)
4(637 657 877 857)
4(656 876 877 657)
4(638 658 878 858)
4(657 877 878 658)
4(639 659 879 859)
4(658 878 879 659)
4(640 660 880 860)
4(659 879 880 660)
4(660 880 881 661)
4(642 662 882 862)
4(10 131 882 662)
4(643 663 883 863)
4(662 882 883 663)
4(644 664 884 864)
4(663 883 884 664)
4(645 665 885 865)
4(664 884 885 665)
4(646 666 886 866)
4(665 885 886 666)
4(647 667 887 867)
4(666 886 887 667)
4(648 668 888 868)
4(667 887 888 668)
4(649 669 889 869)
4(668 888 889 669)
4(650 670 890 870)
4(669 889 890 670)
4(651 671 891 871)
4(670 890 891 671)
4(652 672 892 872)
4(671 891 892 672)
4(653 673 893 873)
4(672 892 893 673)
4(654 674 894 874)
4(673 893 894 674)
4(655 675 895 875)
4(674 894 895 675)
4(656 676 896 876)
4(675 895 896 676)
4(657 677 897 877)
4(676 896 897 677)
4(658 678 898 878)
4(677 897 898 678)
4(659 679 899 879)
4(678 898 899 679)
4(660 680 900 880)
4(679 899 900 680)
4(680 900 901 681)
4(662 903 1323 882)
4(902 1322 1323 903)
4(10 131 1322 902)
4(663 904 1324 883)
4(903 1323 1324 904)
4(664 905 1325 884)
4(904 1324 1325 905)
4(665 906 1326 885)
4(905 1325 1326 906)
4(666 907 1327 886)
4(906 1326 1327 907)
4(667 908 1328 887)
4(907 1327 1328 908)
4(668 909 1329 888)
4(908 1328 1329 909)
4(669 910 1330 889)
4(909 1329 1330 910)
4(670 911 1331 890)
4(910 1330 1331 911)
4(671 912 1332 891)
4(911 1331 1332 912)
4(672 913 1333 892)
4(912 1332 1333 913)
4(673 914 1334 893)
4(913 1333 1334 914)
4(674 915 1335 894)
4(914 1334 1335 915)
4(675 916 1336 895)
4(915 1335 1336 916)
4(676 917 1337 896)
4(916 1336 1337 917)
4(677 918 1338 897)
4(917 1337 1338 918)
4(678 919 1339 898)
4(918 1338 1339 919)
4(679 920 1340 899)
4(919 1339 1340 920)
4(680 921 1341 900)
4(920 1340 1341 921)
4(921 1341 1342 922)
4(903 924 1344 1323)
4(923 1343 1344 924)
4(902 1322 1343 923)
4(904 925 1345 1324)
4(924 1344 1345 925)
4(905 926 1346 1325)
4(925 1345 1346 926)
4(906 927 1347 1326)
4(926 1346 1347 927)
4(907 928 1348 1327)
4(927 1347 1348 928)
4(908 929 1349 1328)
4(928 1348 1349 929)
4(909 930 1350 1329)
4(929 1349 1350 930)
4(910 931 1351 1330)
4(930 1350 1351 931)
4(911 932 1352 1331)
4(931 1351 1352 932)
4(912 933 1353 1332)
4(932 1352 1353 933)
4(913 934 1354 1333)
4(933 1353 1354 934)
4(914 935 1355 1334)
4(934 1354 1355 935)
4(915 936 1356 1335)
4(935 1355 1356 936)
4(916 937 1357 1336)
4(936 1356 1357 937)
4(917 938 1358 1337)
4(937 1357 1358 938)
4(918 939 1359 1338)
4(938 1358 1359 939)
4(919 940 1360 1339)
4(939 1359 1360 940)
4(920 941 1361 1340)
4(940 1360 1361 941)
4(921 942 1362 1341)
4(941 1361 1362 942)
4(942 1362 1363 943)
4(924 945 1365 1344)
4(944 1364 1365 945)
4(923 1343 1364 944)
4(925 946 1366 1345)
4(945 1365 1366 946)
4(926 947 1367 1346)
4(946 1366 1367 947)
4(927 948 1368 1347)
4(947 1367 1368 948)
4(928 949 1369 1348)
4(948 1368 1369 949)
4(929 950 1370 1349)
4(949 1369 1370 950)
4(930 951 1371 1350)
4(950 1370 1371 951)
4(931 952 1372 1351)
4(951 1371 1372 952)
4(932 953 1373 1352)
4(952 1372 1373 953)
4(933 954 1374 1353)
4(953 1373 1374 954)
4(934 955 1375 1354)
4(954 1374 1375 955)
4(935 956 1376 1355)
4(955 1375 1376 956)
4(936 957 1377 1356)
4(956 1376 1377 957)
4(937 958 1378 1357)
4(957 1377 1378 958)
4(938 959 1379 1358)
4(958 1378 1379 959)
4(939 960 1380 1359)
4(959 1379 1380 960)
4(940 961 1381 1360)
4(960 1380 1381 961)
4(941 962 1382 1361)
4(961 1381 1382 962)
4(942 963 1383 1362)
4(962 1382 1383 963)
4(963 1383 1384 964)
4(945 966 1386 1365)
4(965 1385 1386 966)
4(944 1364 1385 965)
4(946 967 1387 1366)
4(966 1386 1387 967)
4(947 968 1388 1367)
4(967 1387 1388 968)
4(948 969 1389 1368)
4(968 1388 1389 969)
4(949 970 1390 1369)
4(969 1389 1390 970)
4(950 971 1391 1370)
4(970 1390 1391 971)
4(951 972 1392 1371)
4(971 1391 1392 972)
4(952 973 1393 1372)
4(972 1392 1393 973)
4(953 974 1394 1373)
4(973 1393 1394 974)
4(954 975 1395 1374)
4(974 1394 1395 975)
4(955 976 1396 1375)
4(975 1395 1396 976)
4(956 977 1397 1376)
4(976 1396 1397 977)
4(957 978 1398 1377)
4(977 1397 1398 978)
4(958 979 1399 1378)
4(978 1398 1399 979)
4(959 980 1400 1379)
4(979 1399 1400 980)
4(960 981 1401 1380)
4(980 1400 1401 981)
4(961 982 1402 1381)
4(981 1401 1402 982)
4(962 983 1403 1382)
4(982 1402 1403 983)
4(963 984 1404 1383)
4(983 1403 1404 984)
4(984 1404 1405 985)
4(966 987 1407 1386)
4(986 1406 1407 987)
4(965 1385 1406 986)
4(967 988 1408 1387)
4(987 1407 1408 988)
4(968 989 1409 1388)
4(988 1408 1409 989)
4(969 990 1410 1389)
4(989 1409 1410 990)
4(970 991 1411 1390)
4(990 1410 1411 991)
4(971 992 1412 1391)
4(991 1411 1412 992)
4(972 993 1413 1392)
4(992 1412 1413 993)
4(973 994 1414 1393)
4(993 1413 1414 994)
4(974 995 1415 1394)
4(994 1414 1415 995)
4(975 996 1416 1395)
4(995 1415 1416 996)
4(976 997 1417 1396)
4(996 1416 1417 997)
4(977 998 1418 1397)
4(997 1417 1418 998)
4(978 999 1419 1398)
4(998 1418 1419 999)
4(979 1000 1420 1399)
4(999 1419 1420 1000)
4(980 1001 1421 1400)
4(1000 1420 1421 1001)
4(981 1002 1422 1401)
4(1001 1421 1422 1002)
4(982 1003 1423 1402)
4(1002 1422 1423 1003)
4(983 1004 1424 1403)
4(1003 1423 1424 1004)
4(984 1005 1425 1404)
4(1004 1424 1425 1005)
4(1005 1425 1426 1006)
4(987 1008 1428 1407)
4(1007 1427 1428 1008)
4(986 1406 1427 1007)
4(988 1009 1429 1408)
4(1008 1428 1429 1009)
4(989 1010 1430 1409)
4(1009 1429 1430 1010)
4(990 1011 1431 1410)
4(1010 1430 1431 1011)
4(991 1012 1432 1411)
4(1011 1431 1432 1012)
4(992 1013 1433 1412)
4(1012 1432 1433 1013)
4(993 1014 1434 1413)
4(1013 1433 1434 1014)
4(994 1015 1435 1414)
4(1014 1434 1435 1015)
4(995 1016 1436 1415)
4(1015 1435 1436 1016)
4(996 1017 1437 1416)
4(1016 1436 1437 1017)
4(997 1018 1438 1417)
4(1017 1437 1438 1018)
4(998 1019 1439 1418)
4(1018 1438 1439 1019)
4(999 1020 1440 1419)
4(1019 1439 1440 1020)
4(1000 1021 1441 1420)
4(1020 1440 1441 1021)
4(1001 1022 1442 1421)
4(1021 1441 1442 1022)
4(1002 1023 1443 1422)
4(1022 1442 1443 1023)
4(1003 1024 1444 1423)
4(1023 1443 1444 1024)
4(1004 1025 1445 1424)
4(1024 1444 1445 1025)
4(1005 1026 1446 1425)
4(1025 1445 1446 1026)
4(1026 1446 1447 1027)
4(1008 1029 1449 1428)
4(1028 1448 1449 1029)
4(1007 1427 1448 1028)
4(1009 1030 1450 1429)
4(1029 1449 1450 1030)
4(1010 1031 1451 1430)
4(1030 1450 1451 1031)
4(1011 1032 1452 1431)
4(1031 1451 1452 1032)
4(1012 1033 1453 1432)
4(1032 1452 1453 1033)
4(1013 1034 1454 1433)
4(1033 1453 1454 1034)
4(1014 1035 1455 1434)
4(1034 1454 1455 1035)
4(1015 1036 1456 1435)
4(1035 1455 1456 1036)
4(1016 1037 1457 1436)
4(1036 1456 1457 1037)
4(1017 1038 1458 1437)
4(1037 1457 1458 1038)
4(1018 1039 1459 1438)
4(1038 1458 1459 1039)
4(1019 1040 1460 1439)
4(1039 1459 1460 1040)
4(1020 1041 1461 1440)
4(1040 1460 1461 1041)
4(1021 1042 1462 1441)
4(1041 1461 1462 1042)
4(1022 1043 1463 1442)
4(1042 1462 1463 1043)
4(1023 1044 1464 1443)
4(1043 1463 1464 1044)
4(1024 1045 1465 1444)
4(1044 1464 1465 1045)
4(1025 1046 1466 1445)
4(1045 1465 1466 1046)
4(1026 1047 1467 1446)
4(1046 1466 1467 1047)
4(1047 1467 1468 1048)
4(1029 1050 1470 1449)
4(1049 1469 1470 1050)
4(1028 1448 1469 1049)
4(1030 1051 1471 1450)
4(1050 1470 1471 1051)
4(1031 1052 1472 1451)
4(1051 1471 1472 1052)
4(1032 1053 1473 1452)
4(1052 1472 1473 1053)
4(1033 1054 1474 1453)
4(1053 1473 1474 1054)
4(1034 1055 1475 1454)
4(1054 1474 1475 1055)
4(1035 1056 1476 1455)
4(1055 1475 1476 1056)
4(1036 1057 1477 1456)
4(1056 1476 1477 1057)
4(1037 1058 1478 1457)
4(1057 1477 1478 1058)
4(1038 1059 1479 1458)
4(1058 1478 1479 1059)
4(1039 1060 1480 1459)
4(1059 1479 1480 1060)
4(1040 1061 1481 1460)
4(1060 1480 1481 1061)
4(1041 1062 1482 1461)
4(1061 1481 1482 1062)
4(1042 1063 1483 1462)
4(1062 1482 1483 1063)
4(1043 1064 1484 1463)
4(1063 1483 1484 1064)
4(1044 1065 1485 1464)
4(1064 1484 1485 1065)
4(1045 1066 1486 1465)
4(1065 1485 1486 1066)
4(1046 1067 1487 1466)
4(1066 1486 1487 1067)
4(1047 1068 1488 1467)
4(1067 1487 1488 1068)
4(1068 1488 1489 1069)
4(1050 1071 1491 1470)
4(1070 1490 1491 1071)
4(1049 1469 1490 1070)
4(1051 1072 1492 1471)
4(1071 1491 1492 1072)
4(1052 1073 1493 1472)
4(1072 1492 1493 1073)
4(1053 1074 1494 1473)
4(1073 1493 1494 1074)
4(1054 1075 1495 1474)
4(1074 1494 1495 1075)
4(1055 1076 1496 1475)
4(1075 1495 1496 1076)
4(1056 1077 1497 1476)
4(1076 1496 1497 1077)
4(1057 1078 1498 1477)
4(1077 1497 1498 1078)
4(1058 1079 1499 1478)
4(1078 1498 1499 1079)
4(1059 1080 1500 1479)
4(1079 1499 1500 1080)
4(1060 1081 1501 1480)
4(1080 1500 1501 1081)
4(1061 1082 1502 1481)
4(1081 1501 1502 1082)
4(1062 1083 1503 1482)
4(1082 1502 1503 1083)
4(1063 1084 1504 1483)
4(1083 1503 1504 1084)
4(1064 1085 1505 1484)
4(1084 1504 1505 1085)
4(1065 1086 1506 1485)
4(1085 1505 1506 1086)
4(1066 1087 1507 1486)
4(1086 1506 1507 1087)
4(1067 1088 1508 1487)
4(1087 1507 1508 1088)
4(1068 1089 1509 1488)
4(1088 1508 1509 1089)
4(1089 1509 1510 1090)
4(1071 1092 1512 1491)
4(1091 1511 1512 1092)
4(1070 1490 1511 1091)
4(1072 1093 1513 1492)
4(1092 1512 1513 1093)
4(1073 1094 1514 1493)
4(1093 1513 1514 1094)
4(1074 1095 1515 1494)
4(1094 1514 1515 1095)
4(1075 1096 1516 1495)
4(1095 1515 1516 1096)
4(1076 1097 1517 1496)
4(1096 1516 1517 1097)
4(1077 1098 1518 1497)
4(1097 1517 1518 1098)
4(1078 1099 1519 1498)
4(1098 1518 1519 1099)
4(1079 1100 1520 1499)
4(1099 1519 1520 1100)
4(1080 1101 1521 1500)
4(1100 1520 1521 1101)
4(1081 1102 1522 1501)
4(1101 1521 1522 1102)
4(1082 1103 1523 1502)
4(1102 1522 1523 1103)
4(1083 1104 1524 1503)
4(1103 1523 1524 1104)
4(1084 1105 1525 1504)
4(1104 1524 1525 1105)
4(1085 1106 1526 1505)
4(1105 1525 1526 1106)
4(1086 1107 1527 1506)
4(1106 1526 1527 1107)
4(1087 1108 1528 1507)
4(1107 1527 1528 1108)
4(1088 1109 1529 1508)
4(1108 1528 1529 1109)
4(1089 1110 1530 1509)
4(1109 1529 1530 1110)
4(1110 1530 1531 1111)
4(1092 1113 1533 1512)
4(1112 1532 1533 1113)
4(1091 1511 1532 1112)
4(1093 1114 1534 1513)
4(1113 1533 1534 1114)
4(1094 1115 1535 1514)
4(1114 1534 1535 1115)
4(1095 1116 1536 1515)
4(1115 1535 1536 1116)
4(1096 1117 1537 1516)
4(1116 1536 1537 1117)
4(1097 1118 1538 1517)
4(1117 1537 1538 1118)
4(1098 1119 1539 1518)
4(1118 1538 1539 1119)
4(1099 1120 1540 1519)
4(1119 1539 1540 1120)
4(1100 1121 1541 1520)
4(1120 1540 1541 1121)
4(1101 1122 1542 1521)
4(1121 1541 1542 1122)
4(1102 1123 1543 1522)
4(1122 1542 1543 1123)
4(1103 1124 1544 1523)
4(1123 1543 1544 1124)
4(1104 1125 1545 1524)
4(1124 1544 1545 1125)
4(1105 1126 1546 1525)
4(1125 1545 1546 1126)
4(1106 1127 1547 1526)
4(1126 1546 1547 1127)
4(1107 1128 1548 1527)
4(1127 1547 1548 1128)
4(1108 1129 1549 1528)
4(1128 1548 1549 1129)
4(1109 1130 1550 1529)
4(1129 1549 1550 1130)
4(1110 1131 1551 1530)
4(1130 1550 1551 1131)
4(1131 1551 1552 1132)
4(1113 1134 1554 1533)
4(1133 1553 1554 1134)
4(1112 1532 1553 1133)
4(1114 1135 1555 1534)
4(1134 1554 1555 1135)
4(1115 1136 1556 1535)
4(1135 1555 1556 1136)
4(1116 1137 1557 1536)
4(1136 1556 1557 1137)
4(1117 1138 1558 1537)
4(1137 1557 1558 1138)
4(1118 1139 1559 1538)
4(1138 1558 1559 1139)
4(1119 1140 1560 1539)
4(1139 1559 1560 1140)
4(1120 1141 1561 1540)
4(1140 1560 1561 1141)
4(1121 1142 1562 1541)
4(1141 1561 1562 1142)
4(1122 1143 1563 1542)
4(1142 1562 1563 1143)
4(1123 1144 1564 1543)
4(1143 1563 1564 1144)
4(1124 1145 1565 1544)
4(1144 1564 1565 1145)
4(1125 1146 1566 1545)
4(1145 1565 1566 1146)
4(1126 1147 1567 1546)
4(1146 1566 1567 1147)
4(1127 1148 1568 1547)
4(1147 1567 1568 1148)
4(1128 1149 1569 1548)
4(1148 1568 1569 1149)
4(1129 1150 1570 1549)
4(1149 1569 1570 1150)
4(1130 1151 1571 1550)
4(1150 1570 1571 1151)
4(1131 1152 1572 1551)
4(1151 1571 1572 1152)
4(1152 1572 1573 1153)
4(1134 1155 1575 1554)
4(1154 1574 1575 1155)
4(1133 1553 1574 1154)
4(1135 1156 1576 1555)
4(1155 1575 1576 1156)
4(1136 1157 1577 1556)
4(1156 1576 1577 1157)
4(1137 1158 1578 1557)
4(1157 1577 1578 1158)
4(1138 1159 1579 1558)
4(1158 1578 1579 1159)
4(1139 1160 1580 1559)
4(1159 1579 1580 1160)
4(1140 1161 1581 1560)
4(1160 1580 1581 1161)
4(1141 1162 1582 1561)
4(1161 1581 1582 1162)
4(1142 1163 1583 1562)
4(1162 1582 1583 1163)
4(1143 1164 1584 1563)
4(1163 1583 1584 1164)
4(1144 1165 1585 1564)
4(1164 1584 1585 1165)
4(1145 1166 1586 1565)
4(1165 1585 1586 1166)
4(1146 1167 1587 1566)
4(1166 1586 1587 1167)
4(1147 1168 1588 1567)
4(1167 1587 1588 1168)
4(1148 1169 1589 1568)
4(1168 1588 1589 1169)
4(1149 1170 1590 1569)
4(1169 1589 1590 1170)
4(1150 1171 1591 1570)
4(1170 1590 1591 1171)
4(1151 1172 1592 1571)
4(1171 1591 1592 1172)
4(1152 1173 1593 1572)
4(1172 1592 1593 1173)
4(1173 1593 1594 1174)
4(1155 1176 1596 1575)
4(1175 1595 1596 1176)
4(1154 1574 1595 1175)
4(1156 1177 1597 1576)
4(1176 1596 1597 1177)
4(1157 1178 1598 1577)
4(1177 1597 1598 1178)
4(1158 1179 1599 1578)
4(1178 1598 1599 1179)
4(1159 1180 1600 1579)
4(1179 1599 1600 1180)
4(1160 1181 1601 1580)
4(1180 1600 1601 1181)
4(1161 1182 1602 1581)
4(1181 1601 1602 1182)
4(1162 1183 1603 1582)
4(1182 1602 1603 1183)
4(1163 1184 1604 1583)
4(1183 1603 1604 1184)
4(1164 1185 1605 1584)
4(1184 1604 1605 1185)
4(1165 1186 1606 1585)
4(1185 1605 1606 1186)
4(1166 1187 1607 1586)
4(1186 1606 1607 1187)
4(1167 1188 1608 1587)
4(1187 1607 1608 1188)
4(1168 1189 1609 1588)
4(1188 1608 1609 1189)
4(1169 1190 1610 1589)
4(1189 1609 1610 1190)
4(1170 1191 1611 1590)
4(1190 1610 1611 1191)
4(1171 1192 1612 1591)
4(1191 1611 1612 1192)
4(1172 1193 1613 1592)
4(1192 1612 1613 1193)
4(1173 1194 1614 1593)
4(1193 1613 1614 1194)
4(1194 1614 1615 1195)
4(1176 1197 1617 1596)
4(1196 1616 1617 1197)
4(1175 1595 1616 1196)
4(1177 1198 1618 1597)
4(1197 1617 1618 1198)
4(1178 1199 1619 1598)
4(1198 1618 1619 1199)
4(1179 1200 1620 1599)
4(1199 1619 1620 1200)
4(1180 1201 1621 1600)
4(1200 1620 1621 1201)
4(1181 1202 1622 1601)
4(1201 1621 1622 1202)
4(1182 1203 1623 1602)
4(1202 1622 1623 1203)
4(1183 1204 1624 1603)
4(1203 1623 1624 1204)
4(1184 1205 1625 1604)
4(1204 1624 1625 1205)
4(1185 1206 1626 1605)
4(1205 1625 1626 1206)
4(1186 1207 1627 1606)
4(1206 1626 1627 1207)
4(1187 1208 1628 1607)
4(1207 1627 1628 1208)
4(1188 1209 1629 1608)
4(1208 1628 1629 1209)
4(1189 1210 1630 1609)
4(1209 1629 1630 1210)
4(1190 1211 1631 1610)
4(1210 1630 1631 1211)
4(1191 1212 1632 1611)
4(1211 1631 1632 1212)
4(1192 1213 1633 1612)
4(1212 1632 1633 1213)
4(1193 1214 1634 1613)
4(1213 1633 1634 1214)
4(1194 1215 1635 1614)
4(1214 1634 1635 1215)
4(1215 1635 1636 1216)
4(1197 1218 1638 1617)
4(1217 1637 1638 1218)
4(1196 1616 1637 1217)
4(1198 1219 1639 1618)
4(1218 1638 1639 1219)
4(1199 1220 1640 1619)
4(1219 1639 1640 1220)
4(1200 1221 1641 1620)
4(1220 1640 1641 1221)
4(1201 1222 1642 1621)
4(1221 1641 1642 1222)
4(1202 1223 1643 1622)
4(1222 1642 1643 1223)
4(1203 1224 1644 1623)
4(1223 1643 1644 1224)
4(1204 1225 1645 1624)
4(1224 1644 1645 1225)
4(1205 1226 1646 1625)
4(1225 1645 1646 1226)
4(1206 1227 1647 1626)
4(1226 1646 1647 1227)
4(1207 1228 1648 1627)
4(1227 1647 1648 1228)
4(1208 1229 1649 1628)
4(1228 1648 1649 1229)
4(1209 1230 1650 1629)
4(1229 1649 1650 1230)
4(1210 1231 1651 1630)
4(1230 1650 1651 1231)
4(1211 1232 1652 1631)
4(1231 1651 1652 1232)
4(1212 1233 1653 1632)
4(1232 1652 1653 1233)
4(1213 1234 1654 1633)
4(1233 1653 1654 1234)
4(1214 1235 1655 1634)
4(1234 1654 1655 1235)
4(1215 1236 1656 1635)
4(1235 1655 1656 1236)
4(1236 1656 1657 1237)
4(1218 1239 1659 1638)
4(1238 1658 1659 1239)
4(1217 1637 1658 1238)
4(1219 1240 1660 1639)
4(1239 1659 1660 1240)
4(1220 1241 1661 1640)
4(1240 1660 1661 1241)
4(1221 1242 1662 1641)
4(1241 1661 1662 1242)
4(1222 1243 1663 1642)
4(1242 1662 1663 1243)
4(1223 1244 1664 1643)
4(1243 1663 1664 1244)
4(1224 1245 1665 1644)
4(1244 1664 1665 1245)
4(1225 1246 1666 1645)
4(1245 1665 1666 1246)
4(1226 1247 1667 1646)
4(1246 1666 1667 1247)
4(1227 1248 1668 1647)
4(1247 1667 1668 1248)
4(1228 1249 1669 1648)
4(1248 1668 1669 1249)
4(1229 1250 1670 1649)
4(1249 1669 1670 1250)
4(1230 1251 1671 1650)
4(1250 1670 1671 1251)
4(1231 1252 1672 1651)
4(1251 1671 1672 1252)
4(1232 1253 1673 1652)
4(1252 1672 1673 1253)
4(1233 1254 1674 1653)
4(1253 1673 1674 1254)
4(1234 1255 1675 1654)
4(1254 1674 1675 1255)
4(1235 1256 1676 1655)
4(1255 1675 1676 1256)
4(1236 1257 1677 1656)
4(1256 1676 1677 1257)
4(1257 1677 1678 1258)
4(1239 1260 1680 1659)
4(1259 1679 1680 1260)
4(1238 1658 1679 1259)
4(1240 1261 1681 1660)
4(1260 1680 1681 1261)
4(1241 1262 1682 1661)
4(1261 1681 1682 1262)
4(1242 1263 1683 1662)
4(1262 1682 1683 1263)
4(1243 1264 1684 1663)
4(1263 1683 1684 1264)
4(1244 1265 1685 1664)
4(1264 1684 1685 1265)
4(1245 1266 1686 1665)
4(1265 1685 1686 1266)
4(1246 1267 1687 1666)
4(1266 1686 1687 1267)
4(1247 1268 1688 1667)
4(1267 1687 1688 1268)
4(1248 1269 1689 1668)
4(1268 1688 1689 1269)
4(1249 1270 1690 1669)
4(1269 1689 1690 1270)
4(1250 1271 1691 1670)
4(1270 1690 1691 1271)
4(1251 1272 1692 1671)
4(1271 1691 1692 1272)
4(1252 1273 1693 1672)
4(1272 1692 1693 1273)
4(1253 1274 1694 1673)
4(1273 1693 1694 1274)
4(1254 1275 1695 1674)
4(1274 1694 1695 1275)
4(1255 1276 1696 1675)
4(1275 1695 1696 1276)
4(1256 1277 1697 1676)
4(1276 1696 1697 1277)
4(1257 1278 1698 1677)
4(1277 1697 1698 1278)
4(1278 1698 1699 1279)
4(1260 1281 1701 1680)
4(1280 1700 1701 1281)
4(1259 1679 1700 1280)
4(1261 1282 1702 1681)
4(1281 1701 1702 1282)
4(1262 1283 1703 1682)
4(1282 1702 1703 1283)
4(1263 1284 1704 1683)
4(1283 1703 1704 1284)
4(1264 1285 1705 1684)
4(1284 1704 1705 1285)
4(1265 1286 1706 1685)
4(1285 1705 1706 1286)
4(1266 1287 1707 1686)
4(1286 1706 1707 1287)
4(1267 1288 1708 1687)
4(1287 1707 1708 1288)
4(1268 1289 1709 1688)
4(1288 1708 1709 1289)
4(1269 1290 1710 1689)
4(1289 1709 1710 1290)
4(1270 1291 1711 1690)
4(1290 1710 1711 1291)
4(1271 1292 1712 1691)
4(1291 1711 1712 1292)
4(1272 1293 1713 1692)
4(1292 1712 1713 1293)
4(1273 1294 1714 1693)
4(1293 1713 1714 1294)
4(1274 1295 1715 1694)
4(1294 1714 1715 1295)
4(1275 1296 1716 1695)
4(1295 1715 1716 1296)
4(1276 1297 1717 1696)
4(1296 1716 1717 1297)
4(1277 1298 1718 1697)
4(1297 1717 1718 1298)
4(1278 1299 1719 1698)
4(1298 1718 1719 1299)
4(1299 1719 1720 1300)
4(1281 1302 1722 1701)
4(1280 1700 1721 1301)
4(1282 1303 1723 1702)
4(1283 1304 1724 1703)
4(1284 1305 1725 1704)
4(1285 1306 1726 1705)
4(1286 1307 1727 1706)
4(1287 1308 1728 1707)
4(1288 1309 1729 1708)
4(1289 1310 1730 1709)
4(1290 1311 1731 1710)
4(1291 1312 1732 1711)
4(1292 1313 1733 1712)
4(1293 1314 1734 1713)
4(1294 1315 1735 1714)
4(1295 1316 1736 1715)
4(1296 1317 1737 1716)
4(1297 1318 1738 1717)
4(1298 1319 1739 1718)
4(1299 1320 1740 1719)
4(109 1743 1943 230)
4(1742 1942 1943 1743)
4(98 1744 1944 219)
4(1743 1943 1944 1744)
4(87 1745 1945 208)
4(1744 1944 1945 1745)
4(76 1746 1946 197)
4(1745 1945 1946 1746)
4(65 1747 1947 186)
4(1746 1946 1947 1747)
4(54 1748 1948 175)
4(1747 1947 1948 1748)
4(43 1749 1949 164)
4(1748 1948 1949 1749)
4(32 1750 1950 153)
4(1749 1949 1950 1750)
4(21 1751 1951 142)
4(1750 1950 1951 1751)
4(1751 1951 1322 902)
4(1743 1753 1953 1943)
4(1752 1952 1953 1753)
4(1744 1754 1954 1944)
4(1753 1953 1954 1754)
4(1745 1755 1955 1945)
4(1754 1954 1955 1755)
4(1746 1756 1956 1946)
4(1755 1955 1956 1756)
4(1747 1757 1957 1947)
4(1756 1956 1957 1757)
4(1748 1758 1958 1948)
4(1757 1957 1958 1758)
4(1749 1759 1959 1949)
4(1758 1958 1959 1759)
4(1750 1760 1960 1950)
4(1759 1959 1960 1760)
4(1751 1761 1961 1951)
4(1760 1960 1961 1761)
4(1761 1961 1343 923)
4(1753 1763 1963 1953)
4(1762 1962 1963 1763)
4(1754 1764 1964 1954)
4(1763 1963 1964 1764)
4(1755 1765 1965 1955)
4(1764 1964 1965 1765)
4(1756 1766 1966 1956)
4(1765 1965 1966 1766)
4(1757 1767 1967 1957)
4(1766 1966 1967 1767)
4(1758 1768 1968 1958)
4(1767 1967 1968 1768)
4(1759 1769 1969 1959)
4(1768 1968 1969 1769)
4(1760 1770 1970 1960)
4(1769 1969 1970 1770)
4(1761 1771 1971 1961)
4(1770 1970 1971 1771)
4(1771 1971 1364 944)
4(1763 1773 1973 1963)
4(1772 1972 1973 1773)
4(1764 1774 1974 1964)
4(1773 1973 1974 1774)
4(1765 1775 1975 1965)
4(1774 1974 1975 1775)
4(1766 1776 1976 1966)
4(1775 1975 1976 1776)
4(1767 1777 1977 1967)
4(1776 1976 1977 1777)
4(1768 1778 1978 1968)
4(1777 1977 1978 1778)
4(1769 1779 1979 1969)
4(1778 1978 1979 1779)
4(1770 1780 1980 1970)
4(1779 1979 1980 1780)
4(1771 1781 1981 1971)
4(1780 1980 1981 1781)
4(1781 1981 1385 965)
4(1773 1783 1983 1973)
4(1782 1982 1983 1783)
4(1774 1784 1984 1974)
4(1783 1983 1984 1784)
4(1775 1785 1985 1975)
4(1784 1984 1985 1785)
4(1776 1786 1986 1976)
4(1785 1985 1986 1786)
4(1777 1787 1987 1977)
4(1786 1986 1987 1787)
4(1778 1788 1988 1978)
4(1787 1987 1988 1788)
4(1779 1789 1989 1979)
4(1788 1988 1989 1789)
4(1780 1790 1990 1980)
4(1789 1989 1990 1790)
4(1781 1791 1991 1981)
4(1790 1990 1991 1791)
4(1791 1991 1406 986)
4(1783 1793 1993 1983)
4(1792 1992 1993 1793)
4(1784 1794 1994 1984)
4(1793 1993 1994 1794)
4(1785 1795 1995 1985)
4(1794 1994 1995 1795)
4(1786 1796 1996 1986)
4(1795 1995 1996 1796)
4(1787 1797 1997 1987)
4(1796 1996 1997 1797)
4(1788 1798 1998 1988)
4(1797 1997 1998 1798)
4(1789 1799 1999 1989)
4(1798 1998 1999 1799)
4(1790 1800 2000 1990)
4(1799 1999 2000 1800)
4(1791 1801 2001 1991)
4(1800 2000 2001 1801)
4(1801 2001 1427 1007)
4(1793 1803 2003 1993)
4(1802 2002 2003 1803)
4(1794 1804 2004 1994)
4(1803 2003 2004 1804)
4(1795 1805 2005 1995)
4(1804 2004 2005 1805)
4(1796 1806 2006 1996)
4(1805 2005 2006 1806)
4(1797 1807 2007 1997)
4(1806 2006 2007 1807)
4(1798 1808 2008 1998)
4(1807 2007 2008 1808)
4(1799 1809 2009 1999)
4(1808 2008 2009 1809)
4(1800 1810 2010 2000)
4(1809 2009 2010 1810)
4(1801 1811 2011 2001)
4(1810 2010 2011 1811)
4(1811 2011 1448 1028)
4(1803 1813 2013 2003)
4(1812 2012 2013 1813)
4(1804 1814 2014 2004)
4(1813 2013 2014 1814)
4(1805 1815 2015 2005)
4(1814 2014 2015 1815)
4(1806 1816 2016 2006)
4(1815 2015 2016 1816)
4(1807 1817 2017 2007)
4(1816 2016 2017 1817)
4(1808 1818 2018 2008)
4(1817 2017 2018 1818)
4(1809 1819 2019 2009)
4(1818 2018 2019 1819)
4(1810 1820 2020 2010)
4(1819 2019 2020 1820)
4(1811 1821 2021 2011)
4(1820 2020 2021 1821)
4(1821 2021 1469 1049)
4(1813 1823 2023 2013)
4(1822 2022 2023 1823)
4(1814 1824 2024 2014)
4(1823 2023 2024 1824)
4(1815 1825 2025 2015)
4(1824 2024 2025 1825)
4(1816 1826 2026 2016)
4(1825 2025 2026 1826)
4(1817 1827 2027 2017)
4(1826 2026 2027 1827)
4(1818 1828 2028 2018)
4(1827 2027 2028 1828)
4(1819 1829 2029 2019)
4(1828 2028 2029 1829)
4(1820 1830 2030 2020)
4(1829 2029 2030 1830)
4(1821 1831 2031 2021)
4(1830 2030 2031 1831)
4(1831 2031 1490 1070)
4(1823 1833 2033 2023)
4(1832 2032 2033 1833)
4(1824 1834 2034 2024)
4(1833 2033 2034 1834)
4(1825 1835 2035 2025)
4(1834 2034 2035 1835)
4(1826 1836 2036 2026)
4(1835 2035 2036 1836)
4(1827 1837 2037 2027)
4(1836 2036 2037 1837)
4(1828 1838 2038 2028)
4(1837 2037 2038 1838)
4(1829 1839 2039 2029)
4(1838 2038 2039 1839)
4(1830 1840 2040 2030)
4(1839 2039 2040 1840)
4(1831 1841 2041 2031)
4(1840 2040 2041 1841)
4(1841 2041 1511 1091)
4(1833 1843 2043 2033)
4(1842 2042 2043 1843)
4(1834 1844 2044 2034)
4(1843 2043 2044 1844)
4(1835 1845 2045 2035)
4(1844 2044 2045 1845)
4(1836 1846 2046 2036)
4(1845 2045 2046 1846)
4(1837 1847 2047 2037)
4(1846 2046 2047 1847)
4(1838 1848 2048 2038)
4(1847 2047 2048 1848)
4(1839 1849 2049 2039)
4(1848 2048 2049 1849)
4(1840 1850 2050 2040)
4(1849 2049 2050 1850)
4(1841 1851 2051 2041)
4(1850 2050 2051 1851)
4(1851 2051 1532 1112)
4(1843 1853 2053 2043)
4(1852 2052 2053 1853)
4(1844 1854 2054 2044)
4(1853 2053 2054 1854)
4(1845 1855 2055 2045)
4(1854 2054 2055 1855)
4(1846 1856 2056 2046)
4(1855 2055 2056 1856)
4(1847 1857 2057 2047)
4(1856 2056 2057 1857)
4(1848 1858 2058 2048)
4(1857 2057 2058 1858)
4(1849 1859 2059 2049)
4(1858 2058 2059 1859)
4(1850 1860 2060 2050)
4(1859 2059 2060 1860)
4(1851 1861 2061 2051)
4(1860 2060 2061 1861)
4(1861 2061 1553 1133)
4(1853 1863 2063 2053)
4(1862 2062 2063 1863)
4(1854 1864 2064 2054)
4(1863 2063 2064 1864)
4(1855 1865 2065 2055)
4(1864 2064 2065 1865)
4(1856 1866 2066 2056)
4(1865 2065 2066 1866)
4(1857 1867 2067 2057)
4(1866 2066 2067 1867)
4(1858 1868 2068 2058)
4(1867 2067 2068 1868)
4(1859 1869 2069 2059)
4(1868 2068 2069 1869)
4(1860 1870 2070 2060)
4(1869 2069 2070 1870)
4(1861 1871 2071 2061)
4(1870 2070 2071 1871)
4(1871 2071 1574 1154)
4(1863 1873 2073 2063)
4(1872 2072 2073 1873)
4(1864 1874 2074 2064)
4(1873 2073 2074 1874)
4(1865 1875 2075 2065)
4(1874 2074 2075 1875)
4(1866 1876 2076 2066)
4(1875 2075 2076 1876)
4(1867 1877 2077 2067)
4(1876 2076 2077 1877)
4(1868 1878 2078 2068)
4(1877 2077 2078 1878)
4(1869 1879 2079 2069)
4(1878 2078 2079 1879)
4(1870 1880 2080 2070)
4(1879 2079 2080 1880)
4(1871 1881 2081 2071)
4(1880 2080 2081 1881)
4(1881 2081 1595 1175)
4(1873 1883 2083 2073)
4(1882 2082 2083 1883)
4(1874 1884 2084 2074)
4(1883 2083 2084 1884)
4(1875 1885 2085 2075)
4(1884 2084 2085 1885)
4(1876 1886 2086 2076)
4(1885 2085 2086 1886)
4(1877 1887 2087 2077)
4(1886 2086 2087 1887)
4(1878 1888 2088 2078)
4(1887 2087 2088 1888)
4(1879 1889 2089 2079)
4(1888 2088 2089 1889)
4(1880 1890 2090 2080)
4(1889 2089 2090 1890)
4(1881 1891 2091 2081)
4(1890 2090 2091 1891)
4(1891 2091 1616 1196)
4(1883 1893 2093 2083)
4(1892 2092 2093 1893)
4(1884 1894 2094 2084)
4(1893 2093 2094 1894)
4(1885 1895 2095 2085)
4(1894 2094 2095 1895)
4(1886 1896 2096 2086)
4(1895 2095 2096 1896)
4(1887 1897 2097 2087)
4(1896 2096 2097 1897)
4(1888 1898 2098 2088)
4(1897 2097 2098 1898)
4(1889 1899 2099 2089)
4(1898 2098 2099 1899)
4(1890 1900 2100 2090)
4(1899 2099 2100 1900)
4(1891 1901 2101 2091)
4(1900 2100 2101 1901)
4(1901 2101 1637 1217)
4(1893 1903 2103 2093)
4(1902 2102 2103 1903)
4(1894 1904 2104 2094)
4(1903 2103 2104 1904)
4(1895 1905 2105 2095)
4(1904 2104 2105 1905)
4(1896 1906 2106 2096)
4(1905 2105 2106 1906)
4(1897 1907 2107 2097)
4(1906 2106 2107 1907)
4(1898 1908 2108 2098)
4(1907 2107 2108 1908)
4(1899 1909 2109 2099)
4(1908 2108 2109 1909)
4(1900 1910 2110 2100)
4(1909 2109 2110 1910)
4(1901 1911 2111 2101)
4(1910 2110 2111 1911)
4(1911 2111 1658 1238)
4(1903 1913 2113 2103)
4(1912 2112 2113 1913)
4(1904 1914 2114 2104)
4(1913 2113 2114 1914)
4(1905 1915 2115 2105)
4(1914 2114 2115 1915)
4(1906 1916 2116 2106)
4(1915 2115 2116 1916)
4(1907 1917 2117 2107)
4(1916 2116 2117 1917)
4(1908 1918 2118 2108)
4(1917 2117 2118 1918)
4(1909 1919 2119 2109)
4(1918 2118 2119 1919)
4(1910 1920 2120 2110)
4(1919 2119 2120 1920)
4(1911 1921 2121 2111)
4(1920 2120 2121 1921)
4(1921 2121 1679 1259)
4(1913 1923 2123 2113)
4(1922 2122 2123 1923)
4(1914 1924 2124 2114)
4(1923 2123 2124 1924)
4(1915 1925 2125 2115)
4(1924 2124 2125 1925)
4(1916 1926 2126 2116)
4(1925 2125 2126 1926)
4(1917 1927 2127 2117)
4(1926 2126 2127 1927)
4(1918 1928 2128 2118)
4(1927 2127 2128 1928)
4(1919 1929 2129 2119)
4(1928 2128 2129 1929)
4(1920 1930 2130 2120)
4(1929 2129 2130 1930)
4(1921 1931 2131 2121)
4(1930 2130 2131 1931)
4(1931 2131 1700 1280)
4(1923 1933 2133 2123)
4(1924 1934 2134 2124)
4(1925 1935 2135 2125)
4(1926 1936 2136 2126)
4(1927 1937 2137 2127)
4(1928 1938 2138 2128)
4(1929 1939 2139 2129)
4(1930 1940 2140 2130)
4(1931 1941 2141 2131)
4(120 241 1942 1742)
4(1742 1942 1952 1752)
4(1752 1952 1962 1762)
4(1762 1962 1972 1772)
4(1772 1972 1982 1782)
4(1782 1982 1992 1792)
4(1792 1992 2002 1802)
4(1802 2002 2012 1812)
4(1812 2012 2022 1822)
4(1822 2022 2032 1832)
4(1832 2032 2042 1842)
4(1842 2042 2052 1852)
4(1852 2052 2062 1862)
4(1862 2062 2072 1872)
4(1872 2072 2082 1882)
4(1882 2082 2092 1892)
4(1892 2092 2102 1902)
4(1902 2102 2112 1912)
4(1912 2112 2122 1922)
4(1922 2122 2132 1932)
4(110 231 232 111)
4(111 232 233 112)
4(112 233 234 113)
4(113 234 235 114)
4(114 235 236 115)
4(115 236 237 116)
4(116 237 238 117)
4(117 238 239 118)
4(118 239 240 119)
4(119 240 241 120)
4(481 501 721 701)
4(501 521 741 721)
4(521 541 761 741)
4(541 561 781 761)
4(561 581 801 781)
4(581 601 821 801)
4(601 621 841 821)
4(621 641 861 841)
4(641 661 881 861)
4(661 681 901 881)
4(681 922 1342 901)
4(922 943 1363 1342)
4(943 964 1384 1363)
4(964 985 1405 1384)
4(985 1006 1426 1405)
4(1006 1027 1447 1426)
4(1027 1048 1468 1447)
4(1048 1069 1489 1468)
4(1069 1090 1510 1489)
4(1090 1111 1531 1510)
4(1111 1132 1552 1531)
4(1132 1153 1573 1552)
4(1153 1174 1594 1573)
4(1174 1195 1615 1594)
4(1195 1216 1636 1615)
4(1216 1237 1657 1636)
4(1237 1258 1678 1657)
4(1258 1279 1699 1678)
4(1279 1300 1720 1699)
4(1300 1321 1741 1720)
4(242 243 353 352)
4(243 244 354 353)
4(244 245 355 354)
4(245 246 356 355)
4(246 247 357 356)
4(247 248 358 357)
4(248 249 359 358)
4(249 250 360 359)
4(250 251 361 360)
4(251 252 362 361)
4(252 462 682 362)
4(462 463 683 682)
4(463 464 684 683)
4(464 465 685 684)
4(465 466 686 685)
4(466 467 687 686)
4(467 468 688 687)
4(468 469 689 688)
4(469 470 690 689)
4(470 471 691 690)
4(471 472 692 691)
4(472 473 693 692)
4(473 474 694 693)
4(474 475 695 694)
4(475 476 696 695)
4(476 477 697 696)
4(477 478 698 697)
4(478 479 699 698)
4(479 480 700 699)
4(480 481 701 700)
4(1932 2132 2133 1933)
4(1933 2133 2134 1934)
4(1934 2134 2135 1935)
4(1935 2135 2136 1936)
4(1936 2136 2137 1937)
4(1937 2137 2138 1938)
4(1938 2138 2139 1939)
4(1939 2139 2140 1940)
4(1940 2140 2141 1941)
4(1941 2141 1721 1301)
4(1301 1721 1722 1302)
4(1302 1722 1723 1303)
4(1303 1723 1724 1304)
4(1304 1724 1725 1305)
4(1305 1725 1726 1306)
4(1306 1726 1727 1307)
4(1307 1727 1728 1308)
4(1308 1728 1729 1309)
4(1309 1729 1730 1310)
4(1310 1730 1731 1311)
4(1311 1731 1732 1312)
4(1312 1732 1733 1313)
4(1313 1733 1734 1314)
4(1314 1734 1735 1315)
4(1315 1735 1736 1316)
4(1316 1736 1737 1317)
4(1317 1737 1738 1318)
4(1318 1738 1739 1319)
4(1319 1739 1740 1320)
4(1320 1740 1741 1321)
4(0 121 132 11)
4(11 132 143 22)
4(22 143 154 33)
4(33 154 165 44)
4(44 165 176 55)
4(55 176 187 66)
4(66 187 198 77)
4(77 198 209 88)
4(88 209 220 99)
4(99 220 231 110)
4(242 352 363 253)
4(253 363 374 264)
4(264 374 385 275)
4(275 385 396 286)
4(286 396 407 297)
4(297 407 418 308)
4(308 418 429 319)
4(319 429 440 330)
4(330 440 451 341)
4(341 451 121 0)
4(0 11 12 1)
4(11 22 23 12)
4(22 33 34 23)
4(33 44 45 34)
4(44 55 56 45)
4(55 66 67 56)
4(66 77 78 67)
4(77 88 89 78)
4(88 99 100 89)
4(99 110 111 100)
4(1 12 13 2)
4(12 23 24 13)
4(23 34 35 24)
4(34 45 46 35)
4(45 56 57 46)
4(56 67 68 57)
4(67 78 79 68)
4(78 89 90 79)
4(89 100 101 90)
4(100 111 112 101)
4(2 13 14 3)
4(13 24 25 14)
4(24 35 36 25)
4(35 46 47 36)
4(46 57 58 47)
4(57 68 69 58)
4(68 79 80 69)
4(79 90 91 80)
4(90 101 102 91)
4(101 112 113 102)
4(3 14 15 4)
4(14 25 26 15)
4(25 36 37 26)
4(36 47 48 37)
4(47 58 59 48)
4(58 69 70 59)
4(69 80 81 70)
4(80 91 92 81)
4(91 102 103 92)
4(102 113 114 103)
4(4 15 16 5)
4(15 26 27 16)
4(26 37 38 27)
4(37 48 49 38)
4(48 59 60 49)
4(59 70 71 60)
4(70 81 82 71)
4(81 92 93 82)
4(92 103 104 93)
4(103 114 115 104)
4(5 16 17 6)
4(16 27 28 17)
4(27 38 39 28)
4(38 49 50 39)
4(49 60 61 50)
4(60 71 72 61)
4(71 82 83 72)
4(82 93 94 83)
4(93 104 105 94)
4(104 115 116 105)
4(6 17 18 7)
4(17 28 29 18)
4(28 39 40 29)
4(39 50 51 40)
4(50 61 62 51)
4(61 72 73 62)
4(72 83 84 73)
4(83 94 95 84)
4(94 105 106 95)
4(105 116 117 106)
4(7 18 19 8)
4(18 29 30 19)
4(29 40 41 30)
4(40 51 52 41)
4(51 62 63 52)
4(62 73 74 63)
4(73 84 85 74)
4(84 95 96 85)
4(95 106 107 96)
4(106 117 118 107)
4(8 19 20 9)
4(19 30 31 20)
4(30 41 42 31)
4(41 52 53 42)
4(52 63 64 53)
4(63 74 75 64)
4(74 85 86 75)
4(85 96 97 86)
4(96 107 108 97)
4(107 118 119 108)
4(9 20 21 10)
4(20 31 32 21)
4(31 42 43 32)
4(42 53 54 43)
4(53 64 65 54)
4(64 75 76 65)
4(75 86 87 76)
4(86 97 98 87)
4(97 108 109 98)
4(108 119 120 109)
4(242 253 254 243)
4(253 264 265 254)
4(264 275 276 265)
4(275 286 287 276)
4(286 297 298 287)
4(297 308 309 298)
4(308 319 320 309)
4(319 330 331 320)
4(330 341 342 331)
4(341 0 1 342)
4(243 254 255 244)
4(254 265 266 255)
4(265 276 277 266)
4(276 287 288 277)
4(287 298 299 288)
4(298 309 310 299)
4(309 320 321 310)
4(320 331 332 321)
4(331 342 343 332)
4(342 1 2 343)
4(244 255 256 245)
4(255 266 267 256)
4(266 277 278 267)
4(277 288 289 278)
4(288 299 300 289)
4(299 310 311 300)
4(310 321 322 311)
4(321 332 333 322)
4(332 343 344 333)
4(343 2 3 344)
4(245 256 257 246)
4(256 267 268 257)
4(267 278 279 268)
4(278 289 290 279)
4(289 300 301 290)
4(300 311 312 301)
4(311 322 323 312)
4(322 333 334 323)
4(333 344 345 334)
4(344 3 4 345)
4(246 257 258 247)
4(257 268 269 258)
4(268 279 280 269)
4(279 290 291 280)
4(290 301 302 291)
4(301 312 313 302)
4(312 323 324 313)
4(323 334 335 324)
4(334 345 346 335)
4(345 4 5 346)
4(247 258 259 248)
4(258 269 270 259)
4(269 280 281 270)
4(280 291 292 281)
4(291 302 303 292)
4(302 313 314 303)
4(313 324 325 314)
4(324 335 336 325)
4(335 346 347 336)
4(346 5 6 347)
4(248 259 260 249)
4(259 270 271 260)
4(270 281 282 271)
4(281 292 293 282)
4(292 303 304 293)
4(303 314 315 304)
4(314 325 326 315)
4(325 336 337 326)
4(336 347 348 337)
4(347 6 7 348)
4(249 260 261 250)
4(260 271 272 261)
4(271 282 283 272)
4(282 293 294 283)
4(293 304 305 294)
4(304 315 316 305)
4(315 326 327 316)
4(326 337 338 327)
4(337 348 349 338)
4(348 7 8 349)
4(250 261 262 251)
4(261 272 273 262)
4(272 283 284 273)
4(283 294 295 284)
4(294 305 306 295)
4(305 316 317 306)
4(316 327 328 317)
4(327 338 339 328)
4(338 349 350 339)
4(349 8 9 350)
4(251 262 263 252)
4(262 273 274 263)
4(273 284 285 274)
4(284 295 296 285)
4(295 306 307 296)
4(306 317 318 307)
4(317 328 329 318)
4(328 339 340 329)
4(339 350 351 340)
4(350 9 10 351)
4(252 263 482 462)
4(263 274 502 482)
4(274 285 522 502)
4(285 296 542 522)
4(296 307 562 542)
4(307 318 582 562)
4(318 329 602 582)
4(329 340 622 602)
4(340 351 642 622)
4(351 10 662 642)
4(462 482 483 463)
4(482 502 503 483)
4(502 522 523 503)
4(522 542 543 523)
4(542 562 563 543)
4(562 582 583 563)
4(582 602 603 583)
4(602 622 623 603)
4(622 642 643 623)
4(642 662 663 643)
4(463 483 484 464)
4(483 503 504 484)
4(503 523 524 504)
4(523 543 544 524)
4(543 563 564 544)
4(563 583 584 564)
4(583 603 604 584)
4(603 623 624 604)
4(623 643 644 624)
4(643 663 664 644)
4(464 484 485 465)
4(484 504 505 485)
4(504 524 525 505)
4(524 544 545 525)
4(544 564 565 545)
4(564 584 585 565)
4(584 604 605 585)
4(604 624 625 605)
4(624 644 645 625)
4(644 664 665 645)
4(465 485 486 466)
4(485 505 506 486)
4(505 525 526 506)
4(525 545 546 526)
4(545 565 566 546)
4(565 585 586 566)
4(585 605 606 586)
4(605 625 626 606)
4(625 645 646 626)
4(645 665 666 646)
4(466 486 487 467)
4(486 506 507 487)
4(506 526 527 507)
4(526 546 547 527)
4(546 566 567 547)
4(566 586 587 567)
4(586 606 607 587)
4(606 626 627 607)
4(626 646 647 627)
4(646 666 667 647)
4(467 487 488 468)
4(487 507 508 488)
4(507 527 528 508)
4(527 547 548 528)
4(547 567 568 548)
4(567 587 588 568)
4(587 607 608 588)
4(607 627 628 608)
4(627 647 648 628)
4(647 667 668 648)
4(468 488 489 469)
4(488 508 509 489)
4(508 528 529 509)
4(528 548 549 529)
4(548 568 569 549)
4(568 588 589 569)
4(588 608 609 589)
4(608 628 629 609)
4(628 648 649 629)
4(648 668 669 649)
4(469 489 490 470)
4(489 509 510 490)
4(509 529 530 510)
4(529 549 550 530)
4(549 569 570 550)
4(569 589 590 570)
4(589 609 610 590)
4(609 629 630 610)
4(629 649 650 630)
4(649 669 670 650)
4(470 490 491 471)
4(490 510 511 491)
4(510 530 531 511)
4(530 550 551 531)
4(550 570 571 551)
4(570 590 591 571)
4(590 610 611 591)
4(610 630 631 611)
4(630 650 651 631)
4(650 670 671 651)
4(471 491 492 472)
4(491 511 512 492)
4(511 531 532 512)
4(531 551 552 532)
4(551 571 572 552)
4(571 591 592 572)
4(591 611 612 592)
4(611 631 632 612)
4(631 651 652 632)
4(651 671 672 652)
4(472 492 493 473)
4(492 512 513 493)
4(512 532 533 513)
4(532 552 553 533)
4(552 572 573 553)
4(572 592 593 573)
4(592 612 613 593)
4(612 632 633 613)
4(632 652 653 633)
4(652 672 673 653)
4(473 493 494 474)
4(493 513 514 494)
4(513 533 534 514)
4(533 553 554 534)
4(553 573 574 554)
4(573 593 594 574)
4(593 613 614 594)
4(613 633 634 614)
4(633 653 654 634)
4(653 673 674 654)
4(474 494 495 475)
4(494 514 515 495)
4(514 534 535 515)
4(534 554 555 535)
4(554 574 575 555)
4(574 594 595 575)
4(594 614 615 595)
4(614 634 635 615)
4(634 654 655 635)
4(654 674 675 655)
4(475 495 496 476)
4(495 515 516 496)
4(515 535 536 516)
4(535 555 556 536)
4(555 575 576 556)
4(575 595 596 576)
4(595 615 616 596)
4(615 635 636 616)
4(635 655 656 636)
4(655 675 676 656)
4(476 496 497 477)
4(496 516 517 497)
4(516 536 537 517)
4(536 556 557 537)
4(556 576 577 557)
4(576 596 597 577)
4(596 616 617 597)
4(616 636 637 617)
4(636 656 657 637)
4(656 676 677 657)
4(477 497 498 478)
4(497 517 518 498)
4(517 537 538 518)
4(537 557 558 538)
4(557 577 578 558)
4(577 597 598 578)
4(597 617 618 598)
4(617 637 638 618)
4(637 657 658 638)
4(657 677 678 658)
4(478 498 499 479)
4(498 518 519 499)
4(518 538 539 519)
4(538 558 559 539)
4(558 578 579 559)
4(578 598 599 579)
4(598 618 619 599)
4(618 638 639 619)
4(638 658 659 639)
4(658 678 679 659)
4(479 499 500 480)
4(499 519 520 500)
4(519 539 540 520)
4(539 559 560 540)
4(559 579 580 560)
4(579 599 600 580)
4(599 619 620 600)
4(619 639 640 620)
4(639 659 660 640)
4(659 679 680 660)
4(480 500 501 481)
4(500 520 521 501)
4(520 540 541 521)
4(540 560 561 541)
4(560 580 581 561)
4(580 600 601 581)
4(600 620 621 601)
4(620 640 641 621)
4(640 660 661 641)
4(660 680 681 661)
4(10 902 903 662)
4(902 923 924 903)
4(923 944 945 924)
4(944 965 966 945)
4(965 986 987 966)
4(986 1007 1008 987)
4(1007 1028 1029 1008)
4(1028 1049 1050 1029)
4(1049 1070 1071 1050)
4(1070 1091 1092 1071)
4(1091 1112 1113 1092)
4(1112 1133 1134 1113)
4(1133 1154 1155 1134)
4(1154 1175 1176 1155)
4(1175 1196 1197 1176)
4(1196 1217 1218 1197)
4(1217 1238 1239 1218)
4(1238 1259 1260 1239)
4(1259 1280 1281 1260)
4(1280 1301 1302 1281)
4(662 903 904 663)
4(903 924 925 904)
4(924 945 946 925)
4(945 966 967 946)
4(966 987 988 967)
4(987 1008 1009 988)
4(1008 1029 1030 1009)
4(1029 1050 1051 1030)
4(1050 1071 1072 1051)
4(1071 1092 1093 1072)
4(1092 1113 1114 1093)
4(1113 1134 1135 1114)
4(1134 1155 1156 1135)
4(1155 1176 1177 1156)
4(1176 1197 1198 1177)
4(1197 1218 1219 1198)
4(1218 1239 1240 1219)
4(1239 1260 1261 1240)
4(1260 1281 1282 1261)
4(1281 1302 1303 1282)
4(663 904 905 664)
4(904 925 926 905)
4(925 946 947 926)
4(946 967 968 947)
4(967 988 989 968)
4(988 1009 1010 989)
4(1009 1030 1031 1010)
4(1030 1051 1052 1031)
4(1051 1072 1073 1052)
4(1072 1093 1094 1073)
4(1093 1114 1115 1094)
4(1114 1135 1136 1115)
4(1135 1156 1157 1136)
4(1156 1177 1178 1157)
4(1177 1198 1199 1178)
4(1198 1219 1220 1199)
4(1219 1240 1241 1220)
4(1240 1261 1262 1241)
4(1261 1282 1283 1262)
4(1282 1303 1304 1283)
4(664 905 906 665)
4(905 926 927 906)
4(926 947 948 927)
4(947 968 969 948)
4(968 989 990 969)
4(989 1010 1011 990)
4(1010 1031 1032 1011)
4(1031 1052 1053 1032)
4(1052 1073 1074 1053)
4(1073 1094 1095 1074)
4(1094 1115 1116 1095)
4(1115 1136 1137 1116)
4(1136 1157 1158 1137)
4(1157 1178 1179 1158)
4(1178 1199 1200 1179)
4(1199 1220 1221 1200)
4(1220 1241 1242 1221)
4(1241 1262 1263 1242)
4(1262 1283 1284 1263)
4(1283 1304 1305 1284)
4(665 906 907 666)
4(906 927 928 907)
4(927 948 949 928)
4(948 969 970 949)
4(969 990 991 970)
4(990 1011 1012 991)
4(1011 1032 1033 1012)
4(1032 1053 1054 1033)
4(1053 1074 1075 1054)
4(1074 1095 1096 1075)
4(1095 1116 1117 1096)
4(1116 1137 1138 1117)
4(1137 1158 1159 1138)
4(1158 1179 1180 1159)
4(1179 1200 1201 1180)
4(1200 1221 1222 1201)
4(1221 1242 1243 1222)
4(1242 1263 1264 1243)
4(1263 1284 1285 1264)
4(1284 1305 1306 1285)
4(666 907 908 667)
4(907 928 929 908)
4(928 949 950 929)
4(949 970 971 950)
4(970 991 992 971)
4(991 1012 1013 992)
4(1012 1033 1034 1013)
4(1033 1054 1055 1034)
4(1054 1075 1076 1055)
4(1075 1096 1097 1076)
4(1096 1117 1118 1097)
4(1117 1138 1139 1118)
4(1138 1159 1160 1139)
4(1159 1180 1181 1160)
4(1180 1201 1202 1181)
4(1201 1222 1223 1202)
4(1222 1243 1244 1223)
4(1243 1264 1265 1244)
4(1264 1285 1286 1265)
4(1285 1306 1307 1286)
4(667 908 909 668)
4(908 929 930 909)
4(929 950 951 930)
4(950 971 972 951)
4(971 992 993 972)
4(992 1013 1014 993)
4(1013 1034 1035 1014)
4(1034 1055 1056 1035)
4(1055 1076 1077 1056)
4(1076 1097 1098 1077)
4(1097 1118 1119 1098)
4(1118 1139 1140 1119)
4(1139 1160 1161 1140)
4(1160 1181 1182 1161)
4(1181 1202 1203 1182)
4(1202 1223 1224 1203)
4(1223 1244 1245 1224)
4(1244 1265 1266 1245)
4(1265 1286 1287 1266)
4(1286 1307 1308 1287)
4(668 909 910 669)
4(909 930 931 910)
4(930 951 952 931)
4(951 972 973 952)
4(972 993 994 973)
4(993 1014 1015 994)
4(1014 1035 1036 1015)
4(1035 1056 1057 1036)
4(1056 1077 1078 1057)
4(1077 1098 1099 1078)
4(1098 1119 1120 1099)
4(1119 1140 1141 1120)
4(1140 1161 1162 1141)
4(1161 1182 1183 1162)
4(1182 1203 1204 1183)
4(1203 1224 1225 1204)
4(1224 1245 1246 1225)
4(1245 1266 1267 1246)
4(1266 1287 1288 1267)
4(1287 1308 1309 1288)
4(669 910 911 670)
4(910 931 932 911)
4(931 952 953 932)
4(952 973 974 953)
4(973 994 995 974)
4(994 1015 1016 995)
4(1015 1036 1037 1016)
4(1036 1057 1058 1037)
4(1057 1078 1079 1058)
4(1078 1099 1100 1079)
4(1099 1120 1121 1100)
4(1120 1141 1142 1121)
4(1141 1162 1163 1142)
4(1162 1183 1184 1163)
4(1183 1204 1205 1184)
4(1204 1225 1226 1205)
4(1225 1246 1247 1226)
4(1246 1267 1268 1247)
4(1267 1288 1289 1268)
4(1288 1309 1310 1289)
4(670 911 912 671)
4(911 932 933 912)
4(932 953 954 933)
4(953 974 975 954)
4(974 995 996 975)
4(995 1016 1017 996)
4(1016 1037 1038 1017)
4(1037 1058 1059 1038)
4(1058 1079 1080 1059)
4(1079 1100 1101 1080)
4(1100 1121 1122 1101)
4(1121 1142 1143 1122)
4(1142 1163 1164 1143)
4(1163 1184 1185 1164)
4(1184 1205 1206 1185)
4(1205 1226 1227 1206)
4(1226 1247 1248 1227)
4(1247 1268 1269 1248)
4(1268 1289 1290 1269)
4(1289 1310 1311 1290)
4(671 912 913 672)
4(912 933 934 913)
4(933 954 955 934)
4(954 975 976 955)
4(975 996 997 976)
4(996 1017 1018 997)
4(1017 1038 1039 1018)
4(1038 1059 1060 1039)
4(1059 1080 1081 1060)
4(1080 1101 1102 1081)
4(1101 1122 1123 1102)
4(1122 1143 1144 1123)
4(1143 1164 1165 1144)
4(1164 1185 1186 1165)
4(1185 1206 1207 1186)
4(1206 1227 1228 1207)
4(1227 1248 1249 1228)
4(1248 1269 1270 1249)
4(1269 1290 1291 1270)
4(1290 1311 1312 1291)
4(672 913 914 673)
4(913 934 935 914)
4(934 955 956 935)
4(955 976 977 956)
4(976 997 998 977)
4(997 1018 1019 998)
4(1018 1039 1040 1019)
4(1039 1060 1061 1040)
4(1060 1081 1082 1061)
4(1081 1102 1103 1082)
4(1102 1123 1124 1103)
4(1123 1144 1145 1124)
4(1144 1165 1166 1145)
4(1165 1186 1187 1166)
4(1186 1207 1208 1187)
4(1207 1228 1229 1208)
4(1228 1249 1250 1229)
4(1249 1270 1271 1250)
4(1270 1291 1292 1271)
4(1291 1312 1313 1292)
4(673 914 915 674)
4(914 935 936 915)
4(935 956 957 936)
4(956 977 978 957)
4(977 998 999 978)
4(998 1019 1020 999)
4(1019 1040 1041 1020)
4(1040 1061 1062 1041)
4(1061 1082 1083 1062)
4(1082 1103 1104 1083)
4(1103 1124 1125 1104)
4(1124 1145 1146 1125)
4(1145 1166 1167 1146)
4(1166 1187 1188 1167)
4(1187 1208 1209 1188)
4(1208 1229 1230 1209)
4(1229 1250 1251 1230)
4(1250 1271 1272 1251)
4(1271 1292 1293 1272)
4(1292 1313 1314 1293)
4(674 915 916 675)
4(915 936 937 916)
4(936 957 958 937)
4(957 978 979 958)
4(978 999 1000 979)
4(999 1020 1021 1000)
4(1020 1041 1042 1021)
4(1041 1062 1063 1042)
4(1062 1083 1084 1063)
4(1083 1104 1105 1084)
4(1104 1125 1126 1105)
4(1125 1146 1147 1126)
4(1146 1167 1168 1147)
4(1167 1188 1189 1168)
4(1188 1209 1210 1189)
4(1209 1230 1231 1210)
4(1230 1251 1252 1231)
4(1251 1272 1273 1252)
4(1272 1293 1294 1273)
4(1293 1314 1315 1294)
4(675 916 917 676)
4(916 937 938 917)
4(937 958 959 938)
4(958 979 980 959)
4(979 1000 1001 980)
4(1000 1021 1022 1001)
4(1021 1042 1043 1022)
4(1042 1063 1064 1043)
4(1063 1084 1085 1064)
4(1084 1105 1106 1085)
4(1105 1126 1127 1106)
4(1126 1147 1148 1127)
4(1147 1168 1169 1148)
4(1168 1189 1190 1169)
4(1189 1210 1211 1190)
4(1210 1231 1232 1211)
4(1231 1252 1253 1232)
4(1252 1273 1274 1253)
4(1273 1294 1295 1274)
4(1294 1315 1316 1295)
4(676 917 918 677)
4(917 938 939 918)
4(938 959 960 939)
4(959 980 981 960)
4(980 1001 1002 981)
4(1001 1022 1023 1002)
4(1022 1043 1044 1023)
4(1043 1064 1065 1044)
4(1064 1085 1086 1065)
4(1085 1106 1107 1086)
4(1106 1127 1128 1107)
4(1127 1148 1149 1128)
4(1148 1169 1170 1149)
4(1169 1190 1191 1170)
4(1190 1211 1212 1191)
4(1211 1232 1233 1212)
4(1232 1253 1254 1233)
4(1253 1274 1275 1254)
4(1274 1295 1296 1275)
4(1295 1316 1317 1296)
4(677 918 919 678)
4(918 939 940 919)
4(939 960 961 940)
4(960 981 982 961)
4(981 1002 1003 982)
4(1002 1023 1024 1003)
4(1023 1044 1045 1024)
4(1044 1065 1066 1045)
4(1065 1086 1087 1066)
4(1086 1107 1108 1087)
4(1107 1128 1129 1108)
4(1128 1149 1150 1129)
4(1149 1170 1171 1150)
4(1170 1191 1192 1171)
4(1191 1212 1213 1192)
4(1212 1233 1234 1213)
4(1233 1254 1255 1234)
4(1254 1275 1276 1255)
4(1275 1296 1297 1276)
4(1296 1317 1318 1297)
4(678 919 920 679)
4(919 940 941 920)
4(940 961 962 941)
4(961 982 983 962)
4(982 1003 1004 983)
4(1003 1024 1025 1004)
4(1024 1045 1046 1025)
4(1045 1066 1067 1046)
4(1066 1087 1088 1067)
4(1087 1108 1109 1088)
4(1108 1129 1130 1109)
4(1129 1150 1151 1130)
4(1150 1171 1172 1151)
4(1171 1192 1193 1172)
4(1192 1213 1214 1193)
4(1213 1234 1235 1214)
4(1234 1255 1256 1235)
4(1255 1276 1277 1256)
4(1276 1297 1298 1277)
4(1297 1318 1319 1298)
4(679 920 921 680)
4(920 941 942 921)
4(941 962 963 942)
4(962 983 984 963)
4(983 1004 1005 984)
4(1004 1025 1026 1005)
4(1025 1046 1047 1026)
4(1046 1067 1068 1047)
4(1067 1088 1089 1068)
4(1088 1109 1110 1089)
4(1109 1130 1131 1110)
4(1130 1151 1152 1131)
4(1151 1172 1173 1152)
4(1172 1193 1194 1173)
4(1193 1214 1215 1194)
4(1214 1235 1236 1215)
4(1235 1256 1257 1236)
4(1256 1277 1278 1257)
4(1277 1298 1299 1278)
4(1298 1319 1320 1299)
4(680 921 922 681)
4(921 942 943 922)
4(942 963 964 943)
4(963 984 985 964)
4(984 1005 1006 985)
4(1005 1026 1027 1006)
4(1026 1047 1048 1027)
4(1047 1068 1069 1048)
4(1068 1089 1090 1069)
4(1089 1110 1111 1090)
4(1110 1131 1132 1111)
4(1131 1152 1153 1132)
4(1152 1173 1174 1153)
4(1173 1194 1195 1174)
4(1194 1215 1216 1195)
4(1215 1236 1237 1216)
4(1236 1257 1258 1237)
4(1257 1278 1279 1258)
4(1278 1299 1300 1279)
4(1299 1320 1321 1300)
4(120 1742 1743 109)
4(1742 1752 1753 1743)
4(1752 1762 1763 1753)
4(1762 1772 1773 1763)
4(1772 1782 1783 1773)
4(1782 1792 1793 1783)
4(1792 1802 1803 1793)
4(1802 1812 1813 1803)
4(1812 1822 1823 1813)
4(1822 1832 1833 1823)
4(1832 1842 1843 1833)
4(1842 1852 1853 1843)
4(1852 1862 1863 1853)
4(1862 1872 1873 1863)
4(1872 1882 1883 1873)
4(1882 1892 1893 1883)
4(1892 1902 1903 1893)
4(1902 1912 1913 1903)
4(1912 1922 1923 1913)
4(1922 1932 1933 1923)
4(109 1743 1744 98)
4(1743 1753 1754 1744)
4(1753 1763 1764 1754)
4(1763 1773 1774 1764)
4(1773 1783 1784 1774)
4(1783 1793 1794 1784)
4(1793 1803 1804 1794)
4(1803 1813 1814 1804)
4(1813 1823 1824 1814)
4(1823 1833 1834 1824)
4(1833 1843 1844 1834)
4(1843 1853 1854 1844)
4(1853 1863 1864 1854)
4(1863 1873 1874 1864)
4(1873 1883 1884 1874)
4(1883 1893 1894 1884)
4(1893 1903 1904 1894)
4(1903 1913 1914 1904)
4(1913 1923 1924 1914)
4(1923 1933 1934 1924)
4(98 1744 1745 87)
4(1744 1754 1755 1745)
4(1754 1764 1765 1755)
4(1764 1774 1775 1765)
4(1774 1784 1785 1775)
4(1784 1794 1795 1785)
4(1794 1804 1805 1795)
4(1804 1814 1815 1805)
4(1814 1824 1825 1815)
4(1824 1834 1835 1825)
4(1834 1844 1845 1835)
4(1844 1854 1855 1845)
4(1854 1864 1865 1855)
4(1864 1874 1875 1865)
4(1874 1884 1885 1875)
4(1884 1894 1895 1885)
4(1894 1904 1905 1895)
4(1904 1914 1915 1905)
4(1914 1924 1925 1915)
4(1924 1934 1935 1925)
4(87 1745 1746 76)
4(1745 1755 1756 1746)
4(1755 1765 1766 1756)
4(1765 1775 1776 1766)
4(1775 1785 1786 1776)
4(1785 1795 1796 1786)
4(1795 1805 1806 1796)
4(1805 1815 1816 1806)
4(1815 1825 1826 1816)
4(1825 1835 1836 1826)
4(1835 1845 1846 1836)
4(1845 1855 1856 1846)
4(1855 1865 1866 1856)
4(1865 1875 1876 1866)
4(1875 1885 1886 1876)
4(1885 1895 1896 1886)
4(1895 1905 1906 1896)
4(1905 1915 1916 1906)
4(1915 1925 1926 1916)
4(1925 1935 1936 1926)
4(76 1746 1747 65)
4(1746 1756 1757 1747)
4(1756 1766 1767 1757)
4(1766 1776 1777 1767)
4(1776 1786 1787 1777)
4(1786 1796 1797 1787)
4(1796 1806 1807 1797)
4(1806 1816 1817 1807)
4(1816 1826 1827 1817)
4(1826 1836 1837 1827)
4(1836 1846 1847 1837)
4(1846 1856 1857 1847)
4(1856 1866 1867 1857)
4(1866 1876 1877 1867)
4(1876 1886 1887 1877)
4(1886 1896 1897 1887)
4(1896 1906 1907 1897)
4(1906 1916 1917 1907)
4(1916 1926 1927 1917)
4(1926 1936 1937 1927)
4(65 1747 1748 54)
4(1747 1757 1758 1748)
4(1757 1767 1768 1758)
4(1767 1777 1778 1768)
4(1777 1787 1788 1778)
4(1787 1797 1798 1788)
4(1797 1807 1808 1798)
4(1807 1817 1818 1808)
4(1817 1827 1828 1818)
4(1827 1837 1838 1828)
4(1837 1847 1848 1838)
4(1847 1857 1858 1848)
4(1857 1867 1868 1858)
4(1867 1877 1878 1868)
4(1877 1887 1888 1878)
4(1887 1897 1898 1888)
4(1897 1907 1908 1898)
4(1907 1917 1918 1908)
4(1917 1927 1928 1918)
4(1927 1937 1938 1928)
4(54 1748 1749 43)
4(1748 1758 1759 1749)
4(1758 1768 1769 1759)
4(1768 1778 1779 1769)
4(1778 1788 1789 1779)
4(1788 1798 1799 1789)
4(1798 1808 1809 1799)
4(1808 1818 1819 1809)
4(1818 1828 1829 1819)
4(1828 1838 1839 1829)
4(1838 1848 1849 1839)
4(1848 1858 1859 1849)
4(1858 1868 1869 1859)
4(1868 1878 1879 1869)
4(1878 1888 1889 1879)
4(1888 1898 1899 1889)
4(1898 1908 1909 1899)
4(1908 1918 1919 1909)
4(1918 1928 1929 1919)
4(1928 1938 1939 1929)
4(43 1749 1750 32)
4(1749 1759 1760 1750)
4(1759 1769 1770 1760)
4(1769 1779 1780 1770)
4(1779 1789 1790 1780)
4(1789 1799 1800 1790)
4(1799 1809 1810 1800)
4(1809 1819 1820 1810)
4(1819 1829 1830 1820)
4(1829 1839 1840 1830)
4(1839 1849 1850 1840)
4(1849 1859 1860 1850)
4(1859 1869 1870 1860)
4(1869 1879 1880 1870)
4(1879 1889 1890 1880)
4(1889 1899 1900 1890)
4(1899 1909 1910 1900)
4(1909 1919 1920 1910)
4(1919 1929 1930 1920)
4(1929 1939 1940 1930)
4(32 1750 1751 21)
4(1750 1760 1761 1751)
4(1760 1770 1771 1761)
4(1770 1780 1781 1771)
4(1780 1790 1791 1781)
4(1790 1800 1801 1791)
4(1800 1810 1811 1801)
4(1810 1820 1821 1811)
4(1820 1830 1831 1821)
4(1830 1840 1841 1831)
4(1840 1850 1851 1841)
4(1850 1860 1861 1851)
4(1860 1870 1871 1861)
4(1870 1880 1881 1871)
4(1880 1890 1891 1881)
4(1890 1900 1901 1891)
4(1900 1910 1911 1901)
4(1910 1920 1921 1911)
4(1920 1930 1931 1921)
4(1930 1940 1941 1931)
4(21 1751 902 10)
4(1751 1761 923 902)
4(1761 1771 944 923)
4(1771 1781 965 944)
4(1781 1791 986 965)
4(1791 1801 1007 986)
4(1801 1811 1028 1007)
4(1811 1821 1049 1028)
4(1821 1831 1070 1049)
4(1831 1841 1091 1070)
4(1841 1851 1112 1091)
4(1851 1861 1133 1112)
4(1861 1871 1154 1133)
4(1871 1881 1175 1154)
4(1881 1891 1196 1175)
4(1891 1901 1217 1196)
4(1901 1911 1238 1217)
4(1911 1921 1259 1238)
4(1921 1931 1280 1259)
4(1931 1941 1301 1280)
4(121 122 133 132)
4(132 133 144 143)
4(143 144 155 154)
4(154 155 166 165)
4(165 166 177 176)
4(176 177 188 187)
4(187 188 199 198)
4(198 199 210 209)
4(209 210 221 220)
4(220 221 232 231)
4(122 123 134 133)
4(133 134 145 144)
4(144 145 156 155)
4(155 156 167 166)
4(166 167 178 177)
4(177 178 189 188)
4(188 189 200 199)
4(199 200 211 210)
4(210 211 222 221)
4(221 222 233 232)
4(123 124 135 134)
4(134 135 146 145)
4(145 146 157 156)
4(156 157 168 167)
4(167 168 179 178)
4(178 179 190 189)
4(189 190 201 200)
4(200 201 212 211)
4(211 212 223 222)
4(222 223 234 233)
4(124 125 136 135)
4(135 136 147 146)
4(146 147 158 157)
4(157 158 169 168)
4(168 169 180 179)
4(179 180 191 190)
4(190 191 202 201)
4(201 202 213 212)
4(212 213 224 223)
4(223 224 235 234)
4(125 126 137 136)
4(136 137 148 147)
4(147 148 159 158)
4(158 159 170 169)
4(169 170 181 180)
4(180 181 192 191)
4(191 192 203 202)
4(202 203 214 213)
4(213 214 225 224)
4(224 225 236 235)
4(126 127 138 137)
4(137 138 149 148)
4(148 149 160 159)
4(159 160 171 170)
4(170 171 182 181)
4(181 182 193 192)
4(192 193 204 203)
4(203 204 215 214)
4(214 215 226 225)
4(225 226 237 236)
4(127 128 139 138)
4(138 139 150 149)
4(149 150 161 160)
4(160 161 172 171)
4(171 172 183 182)
4(182 183 194 193)
4(193 194 205 204)
4(204 205 216 215)
4(215 216 227 226)
4(226 227 238 237)
4(128 129 140 139)
4(139 140 151 150)
4(150 151 162 161)
4(161 162 173 172)
4(172 173 184 183)
4(183 184 195 194)
4(194 195 206 205)
4(205 206 217 216)
4(216 217 228 227)
4(227 228 239 238)
4(129 130 141 140)
4(140 141 152 151)
4(151 152 163 162)
4(162 163 174 173)
4(173 174 185 184)
4(184 185 196 195)
4(195 196 207 206)
4(206 207 218 217)
4(217 218 229 228)
4(228 229 240 239)
4(130 131 142 141)
4(141 142 153 152)
4(152 153 164 163)
4(163 164 175 174)
4(174 175 186 185)
4(185 186 197 196)
4(196 197 208 207)
4(207 208 219 218)
4(218 219 230 229)
4(229 230 241 240)
4(352 353 364 363)
4(363 364 375 374)
4(374 375 386 385)
4(385 386 397 396)
4(396 397 408 407)
4(407 408 419 418)
4(418 419 430 429)
4(429 430 441 440)
4(440 441 452 451)
4(451 452 122 121)
4(353 354 365 364)
4(364 365 376 375)
4(375 376 387 386)
4(386 387 398 397)
4(397 398 409 408)
4(408 409 420 419)
4(419 420 431 430)
4(430 431 442 441)
4(441 442 453 452)
4(452 453 123 122)
4(354 355 366 365)
4(365 366 377 376)
4(376 377 388 387)
4(387 388 399 398)
4(398 399 410 409)
4(409 410 421 420)
4(420 421 432 431)
4(431 432 443 442)
4(442 443 454 453)
4(453 454 124 123)
4(355 356 367 366)
4(366 367 378 377)
4(377 378 389 388)
4(388 389 400 399)
4(399 400 411 410)
4(410 411 422 421)
4(421 422 433 432)
4(432 433 444 443)
4(443 444 455 454)
4(454 455 125 124)
4(356 357 368 367)
4(367 368 379 378)
4(378 379 390 389)
4(389 390 401 400)
4(400 401 412 411)
4(411 412 423 422)
4(422 423 434 433)
4(433 434 445 444)
4(444 445 456 455)
4(455 456 126 125)
4(357 358 369 368)
4(368 369 380 379)
4(379 380 391 390)
4(390 391 402 401)
4(401 402 413 412)
4(412 413 424 423)
4(423 424 435 434)
4(434 435 446 445)
4(445 446 457 456)
4(456 457 127 126)
4(358 359 370 369)
4(369 370 381 380)
4(380 381 392 391)
4(391 392 403 402)
4(402 403 414 413)
4(413 414 425 424)
4(424 425 436 435)
4(435 436 447 446)
4(446 447 458 457)
4(457 458 128 127)
4(359 360 371 370)
4(370 371 382 381)
4(381 382 393 392)
4(392 393 404 403)
4(403 404 415 414)
4(414 415 426 425)
4(425 426 437 436)
4(436 437 448 447)
4(447 448 459 458)
4(458 459 129 128)
4(360 361 372 371)
4(371 372 383 382)
4(382 383 394 393)
4(393 394 405 404)
4(404 405 416 415)
4(415 416 427 426)
4(426 427 438 437)
4(437 438 449 448)
4(448 449 460 459)
4(459 460 130 129)
4(361 362 373 372)
4(372 373 384 383)
4(383 384 395 394)
4(394 395 406 405)
4(405 406 417 416)
4(416 417 428 427)
4(427 428 439 438)
4(438 439 450 449)
4(449 450 461 460)
4(460 461 131 130)
4(362 682 702 373)
4(373 702 722 384)
4(384 722 742 395)
4(395 742 762 406)
4(406 762 782 417)
4(417 782 802 428)
4(428 802 822 439)
4(439 822 842 450)
4(450 842 862 461)
4(461 862 882 131)
4(682 683 703 702)
4(702 703 723 722)
4(722 723 743 742)
4(742 743 763 762)
4(762 763 783 782)
4(782 783 803 802)
4(802 803 823 822)
4(822 823 843 842)
4(842 843 863 862)
4(862 863 883 882)
4(683 684 704 703)
4(703 704 724 723)
4(723 724 744 743)
4(743 744 764 763)
4(763 764 784 783)
4(783 784 804 803)
4(803 804 824 823)
4(823 824 844 843)
4(843 844 864 863)
4(863 864 884 883)
4(684 685 705 704)
4(704 705 725 724)
4(724 725 745 744)
4(744 745 765 764)
4(764 765 785 784)
4(784 785 805 804)
4(804 805 825 824)
4(824 825 845 844)
4(844 845 865 864)
4(864 865 885 884)
4(685 686 706 705)
4(705 706 726 725)
4(725 726 746 745)
4(745 746 766 765)
4(765 766 786 785)
4(785 786 806 805)
4(805 806 826 825)
4(825 826 846 845)
4(845 846 866 865)
4(865 866 886 885)
4(686 687 707 706)
4(706 707 727 726)
4(726 727 747 746)
4(746 747 767 766)
4(766 767 787 786)
4(786 787 807 806)
4(806 807 827 826)
4(826 827 847 846)
4(846 847 867 866)
4(866 867 887 886)
4(687 688 708 707)
4(707 708 728 727)
4(727 728 748 747)
4(747 748 768 767)
4(767 768 788 787)
4(787 788 808 807)
4(807 808 828 827)
4(827 828 848 847)
4(847 848 868 867)
4(867 868 888 887)
4(688 689 709 708)
4(708 709 729 728)
4(728 729 749 748)
4(748 749 769 768)
4(768 769 789 788)
4(788 789 809 808)
4(808 809 829 828)
4(828 829 849 848)
4(848 849 869 868)
4(868 869 889 888)
4(689 690 710 709)
4(709 710 730 729)
4(729 730 750 749)
4(749 750 770 769)
4(769 770 790 789)
4(789 790 810 809)
4(809 810 830 829)
4(829 830 850 849)
4(849 850 870 869)
4(869 870 890 889)
4(690 691 711 710)
4(710 711 731 730)
4(730 731 751 750)
4(750 751 771 770)
4(770 771 791 790)
4(790 791 811 810)
4(810 811 831 830)
4(830 831 851 850)
4(850 851 871 870)
4(870 871 891 890)
4(691 692 712 711)
4(711 712 732 731)
4(731 732 752 751)
4(751 752 772 771)
4(771 772 792 791)
4(791 792 812 811)
4(811 812 832 831)
4(831 832 852 851)
4(851 852 872 871)
4(871 872 892 891)
4(692 693 713 712)
4(712 713 733 732)
4(732 733 753 752)
4(752 753 773 772)
4(772 773 793 792)
4(792 793 813 812)
4(812 813 833 832)
4(832 833 853 852)
4(852 853 873 872)
4(872 873 893 892)
4(693 694 714 713)
4(713 714 734 733)
4(733 734 754 753)
4(753 754 774 773)
4(773 774 794 793)
4(793 794 814 813)
4(813 814 834 833)
4(833 834 854 853)
4(853 854 874 873)
4(873 874 894 893)
4(694 695 715 714)
4(714 715 735 734)
4(734 735 755 754)
4(754 755 775 774)
4(774 775 795 794)
4(794 795 815 814)
4(814 815 835 834)
4(834 835 855 854)
4(854 855 875 874)
4(874 875 895 894)
4(695 696 716 715)
4(715 716 736 735)
4(735 736 756 755)
4(755 756 776 775)
4(775 776 796 795)
4(795 796 816 815)
4(815 816 836 835)
4(835 836 856 855)
4(855 856 876 875)
4(875 876 896 895)
4(696 697 717 716)
4(716 717 737 736)
4(736 737 757 756)
4(756 757 777 776)
4(776 777 797 796)
4(796 797 817 816)
4(816 817 837 836)
4(836 837 857 856)
4(856 857 877 876)
4(876 877 897 896)
4(697 698 718 717)
4(717 718 738 737)
4(737 738 758 757)
4(757 758 778 777)
4(777 778 798 797)
4(797 798 818 817)
4(817 818 838 837)
4(837 838 858 857)
4(857 858 878 877)
4(877 878 898 897)
4(698 699 719 718)
4(718 719 739 738)
4(738 739 759 758)
4(758 759 779 778)
4(778 779 799 798)
4(798 799 819 818)
4(818 819 839 838)
4(838 839 859 858)
4(858 859 879 878)
4(878 879 899 898)
4(699 700 720 719)
4(719 720 740 739)
4(739 740 760 759)
4(759 760 780 779)
4(779 780 800 799)
4(799 800 820 819)
4(819 820 840 839)
4(839 840 860 859)
4(859 860 880 879)
4(879 880 900 899)
4(700 701 721 720)
4(720 721 741 740)
4(740 741 761 760)
4(760 761 781 780)
4(780 781 801 800)
4(800 801 821 820)
4(820 821 841 840)
4(840 841 861 860)
4(860 861 881 880)
4(880 881 901 900)
4(131 882 1323 1322)
4(1322 1323 1344 1343)
4(1343 1344 1365 1364)
4(1364 1365 1386 1385)
4(1385 1386 1407 1406)
4(1406 1407 1428 1427)
4(1427 1428 1449 1448)
4(1448 1449 1470 1469)
4(1469 1470 1491 1490)
4(1490 1491 1512 1511)
4(1511 1512 1533 1532)
4(1532 1533 1554 1553)
4(1553 1554 1575 1574)
4(1574 1575 1596 1595)
4(1595 1596 1617 1616)
4(1616 1617 1638 1637)
4(1637 1638 1659 1658)
4(1658 1659 1680 1679)
4(1679 1680 1701 1700)
4(1700 1701 1722 1721)
4(882 883 1324 1323)
4(1323 1324 1345 1344)
4(1344 1345 1366 1365)
4(1365 1366 1387 1386)
4(1386 1387 1408 1407)
4(1407 1408 1429 1428)
4(1428 1429 1450 1449)
4(1449 1450 1471 1470)
4(1470 1471 1492 1491)
4(1491 1492 1513 1512)
4(1512 1513 1534 1533)
4(1533 1534 1555 1554)
4(1554 1555 1576 1575)
4(1575 1576 1597 1596)
4(1596 1597 1618 1617)
4(1617 1618 1639 1638)
4(1638 1639 1660 1659)
4(1659 1660 1681 1680)
4(1680 1681 1702 1701)
4(1701 1702 1723 1722)
4(883 884 1325 1324)
4(1324 1325 1346 1345)
4(1345 1346 1367 1366)
4(1366 1367 1388 1387)
4(1387 1388 1409 1408)
4(1408 1409 1430 1429)
4(1429 1430 1451 1450)
4(1450 1451 1472 1471)
4(1471 1472 1493 1492)
4(1492 1493 1514 1513)
4(1513 1514 1535 1534)
4(1534 1535 1556 1555)
4(1555 1556 1577 1576)
4(1576 1577 1598 1597)
4(1597 1598 1619 1618)
4(1618 1619 1640 1639)
4(1639 1640 1661 1660)
4(1660 1661 1682 1681)
4(1681 1682 1703 1702)
4(1702 1703 1724 1723)
4(884 885 1326 1325)
4(1325 1326 1347 1346)
4(1346 1347 1368 1367)
4(1367 1368 1389 1388)
4(1388 1389 1410 1409)
4(1409 1410 1431 1430)
4(1430 1431 1452 1451)
4(1451 1452 1473 1472)
4(1472 1473 1494 1493)
4(1493 1494 1515 1514)
4(1514 1515 1536 1535)
4(1535 1536 1557 1556)
4(1556 1557 1578 1577)
4(1577 1578 1599 1598)
4(1598 1599 1620 1619)
4(1619 1620 1641 1640)
4(1640 1641 1662 1661)
4(1661 1662 1683 1682)
4(1682 1683 1704 1703)
4(1703 1704 1725 1724)
4(885 886 1327 1326)
4(1326 1327 1348 1347)
4(1347 1348 1369 1368)
4(1368 1369 1390 1389)
4(1389 1390 1411 1410)
4(1410 1411 1432 1431)
4(1431 1432 1453 1452)
4(1452 1453 1474 1473)
4(1473 1474 1495 1494)
4(1494 1495 1516 1515)
4(1515 1516 1537 1536)
4(1536 1537 1558 1557)
4(1557 1558 1579 1578)
4(1578 1579 1600 1599)
4(1599 1600 1621 1620)
4(1620 1621 1642 1641)
4(1641 1642 1663 1662)
4(1662 1663 1684 1683)
4(1683 1684 1705 1704)
4(1704 1705 1726 1725)
4(886 887 1328 1327)
4(1327 1328 1349 1348)
4(1348 1349 1370 1369)
4(1369 1370 1391 1390)
4(1390 1391 1412 1411)
4(1411 1412 1433 1432)
4(1432 1433 1454 1453)
4(1453 1454 1475 1474)
4(1474 1475 1496 1495)
4(1495 1496 1517 1516)
4(1516 1517 1538 1537)
4(1537 1538 1559 1558)
4(1558 1559 1580 1579)
4(1579 1580 1601 1600)
4(1600 1601 1622 1621)
4(1621 1622 1643 1642)
4(1642 1643 1664 1663)
4(1663 1664 1685 1684)
4(1684 1685 1706 1705)
4(1705 1706 1727 1726)
4(887 888 1329 1328)
4(1328 1329 1350 1349)
4(1349 1350 1371 1370)
4(1370 1371 1392 1391)
4(1391 1392 1413 1412)
4(1412 1413 1434 1433)
4(1433 1434 1455 1454)
4(1454 1455 1476 1475)
4(1475 1476 1497 1496)
4(1496 1497 1518 1517)
4(1517 1518 1539 1538)
4(1538 1539 1560 1559)
4(1559 1560 1581 1580)
4(1580 1581 1602 1601)
4(1601 1602 1623 1622)
4(1622 1623 1644 1643)
4(1643 1644 1665 1664)
4(1664 1665 1686 1685)
4(1685 1686 1707 1706)
4(1706 1707 1728 1727)
4(888 889 1330 1329)
4(1329 1330 1351 1350)
4(1350 1351 1372 1371)
4(1371 1372 1393 1392)
4(1392 1393 1414 1413)
4(1413 1414 1435 1434)
4(1434 1435 1456 1455)
4(1455 1456 1477 1476)
4(1476 1477 1498 1497)
4(1497 1498 1519 1518)
4(1518 1519 1540 1539)
4(1539 1540 1561 1560)
4(1560 1561 1582 1581)
4(1581 1582 1603 1602)
4(1602 1603 1624 1623)
4(1623 1624 1645 1644)
4(1644 1645 1666 1665)
4(1665 1666 1687 1686)
4(1686 1687 1708 1707)
4(1707 1708 1729 1728)
4(889 890 1331 1330)
4(1330 1331 1352 1351)
4(1351 1352 1373 1372)
4(1372 1373 1394 1393)
4(1393 1394 1415 1414)
4(1414 1415 1436 1435)
4(1435 1436 1457 1456)
4(1456 1457 1478 1477)
4(1477 1478 1499 1498)
4(1498 1499 1520 1519)
4(1519 1520 1541 1540)
4(1540 1541 1562 1561)
4(1561 1562 1583 1582)
4(1582 1583 1604 1603)
4(1603 1604 1625 1624)
4(1624 1625 1646 1645)
4(1645 1646 1667 1666)
4(1666 1667 1688 1687)
4(1687 1688 1709 1708)
4(1708 1709 1730 1729)
4(890 891 1332 1331)
4(1331 1332 1353 1352)
4(1352 1353 1374 1373)
4(1373 1374 1395 1394)
4(1394 1395 1416 1415)
4(1415 1416 1437 1436)
4(1436 1437 1458 1457)
4(1457 1458 1479 1478)
4(1478 1479 1500 1499)
4(1499 1500 1521 1520)
4(1520 1521 1542 1541)
4(1541 1542 1563 1562)
4(1562 1563 1584 1583)
4(1583 1584 1605 1604)
4(1604 1605 1626 1625)
4(1625 1626 1647 1646)
4(1646 1647 1668 1667)
4(1667 1668 1689 1688)
4(1688 1689 1710 1709)
4(1709 1710 1731 1730)
4(891 892 1333 1332)
4(1332 1333 1354 1353)
4(1353 1354 1375 1374)
4(1374 1375 1396 1395)
4(1395 1396 1417 1416)
4(1416 1417 1438 1437)
4(1437 1438 1459 1458)
4(1458 1459 1480 1479)
4(1479 1480 1501 1500)
4(1500 1501 1522 1521)
4(1521 1522 1543 1542)
4(1542 1543 1564 1563)
4(1563 1564 1585 1584)
4(1584 1585 1606 1605)
4(1605 1606 1627 1626)
4(1626 1627 1648 1647)
4(1647 1648 1669 1668)
4(1668 1669 1690 1689)
4(1689 1690 1711 1710)
4(1710 1711 1732 1731)
4(892 893 1334 1333)
4(1333 1334 1355 1354)
4(1354 1355 1376 1375)
4(1375 1376 1397 1396)
4(1396 1397 1418 1417)
4(1417 1418 1439 1438)
4(1438 1439 1460 1459)
4(1459 1460 1481 1480)
4(1480 1481 1502 1501)
4(1501 1502 1523 1522)
4(1522 1523 1544 1543)
4(1543 1544 1565 1564)
4(1564 1565 1586 1585)
4(1585 1586 1607 1606)
4(1606 1607 1628 1627)
4(1627 1628 1649 1648)
4(1648 1649 1670 1669)
4(1669 1670 1691 1690)
4(1690 1691 1712 1711)
4(1711 1712 1733 1732)
4(893 894 1335 1334)
4(1334 1335 1356 1355)
4(1355 1356 1377 1376)
4(1376 1377 1398 1397)
4(1397 1398 1419 1418)
4(1418 1419 1440 1439)
4(1439 1440 1461 1460)
4(1460 1461 1482 1481)
4(1481 1482 1503 1502)
4(1502 1503 1524 1523)
4(1523 1524 1545 1544)
4(1544 1545 1566 1565)
4(1565 1566 1587 1586)
4(1586 1587 1608 1607)
4(1607 1608 1629 1628)
4(1628 1629 1650 1649)
4(1649 1650 1671 1670)
4(1670 1671 1692 1691)
4(1691 1692 1713 1712)
4(1712 1713 1734 1733)
4(894 895 1336 1335)
4(1335 1336 1357 1356)
4(1356 1357 1378 1377)
4(1377 1378 1399 1398)
4(1398 1399 1420 1419)
4(1419 1420 1441 1440)
4(1440 1441 1462 1461)
4(1461 1462 1483 1482)
4(1482 1483 1504 1503)
4(1503 1504 1525 1524)
4(1524 1525 1546 1545)
4(1545 1546 1567 1566)
4(1566 1567 1588 1587)
4(1587 1588 1609 1608)
4(1608 1609 1630 1629)
4(1629 1630 1651 1650)
4(1650 1651 1672 1671)
4(1671 1672 1693 1692)
4(1692 1693 1714 1713)
4(1713 1714 1735 1734)
4(895 896 1337 1336)
4(1336 1337 1358 1357)
4(1357 1358 1379 1378)
4(1378 1379 1400 1399)
4(1399 1400 1421 1420)
4(1420 1421 1442 1441)
4(1441 1442 1463 1462)
4(1462 1463 1484 1483)
4(1483 1484 1505 1504)
4(1504 1505 1526 1525)
4(1525 1526 1547 1546)
4(1546 1547 1568 1567)
4(1567 1568 1589 1588)
4(1588 1589 1610 1609)
4(1609 1610 1631 1630)
4(1630 1631 1652 1651)
4(1651 1652 1673 1672)
4(1672 1673 1694 1693)
4(1693 1694 1715 1714)
4(1714 1715 1736 1735)
4(896 897 1338 1337)
4(1337 1338 1359 1358)
4(1358 1359 1380 1379)
4(1379 1380 1401 1400)
4(1400 1401 1422 1421)
4(1421 1422 1443 1442)
4(1442 1443 1464 1463)
4(1463 1464 1485 1484)
4(1484 1485 1506 1505)
4(1505 1506 1527 1526)
4(1526 1527 1548 1547)
4(1547 1548 1569 1568)
4(1568 1569 1590 1589)
4(1589 1590 1611 1610)
4(1610 1611 1632 1631)
4(1631 1632 1653 1652)
4(1652 1653 1674 1673)
4(1673 1674 1695 1694)
4(1694 1695 1716 1715)
4(1715 1716 1737 1736)
4(897 898 1339 1338)
4(1338 1339 1360 1359)
4(1359 1360 1381 1380)
4(1380 1381 1402 1401)
4(1401 1402 1423 1422)
4(1422 1423 1444 1443)
4(1443 1444 1465 1464)
4(1464 1465 1486 1485)
4(1485 1486 1507 1506)
4(1506 1507 1528 1527)
4(1527 1528 1549 1548)
4(1548 1549 1570 1569)
4(1569 1570 1591 1590)
4(1590 1591 1612 1611)
4(1611 1612 1633 1632)
4(1632 1633 1654 1653)
4(1653 1654 1675 1674)
4(1674 1675 1696 1695)
4(1695 1696 1717 1716)
4(1716 1717 1738 1737)
4(898 899 1340 1339)
4(1339 1340 1361 1360)
4(1360 1361 1382 1381)
4(1381 1382 1403 1402)
4(1402 1403 1424 1423)
4(1423 1424 1445 1444)
4(1444 1445 1466 1465)
4(1465 1466 1487 1486)
4(1486 1487 1508 1507)
4(1507 1508 1529 1528)
4(1528 1529 1550 1549)
4(1549 1550 1571 1570)
4(1570 1571 1592 1591)
4(1591 1592 1613 1612)
4(1612 1613 1634 1633)
4(1633 1634 1655 1654)
4(1654 1655 1676 1675)
4(1675 1676 1697 1696)
4(1696 1697 1718 1717)
4(1717 1718 1739 1738)
4(899 900 1341 1340)
4(1340 1341 1362 1361)
4(1361 1362 1383 1382)
4(1382 1383 1404 1403)
4(1403 1404 1425 1424)
4(1424 1425 1446 1445)
4(1445 1446 1467 1466)
4(1466 1467 1488 1487)
4(1487 1488 1509 1508)
4(1508 1509 1530 1529)
4(1529 1530 1551 1550)
4(1550 1551 1572 1571)
4(1571 1572 1593 1592)
4(1592 1593 1614 1613)
4(1613 1614 1635 1634)
4(1634 1635 1656 1655)
4(1655 1656 1677 1676)
4(1676 1677 1698 1697)
4(1697 1698 1719 1718)
4(1718 1719 1740 1739)
4(900 901 1342 1341)
4(1341 1342 1363 1362)
4(1362 1363 1384 1383)
4(1383 1384 1405 1404)
4(1404 1405 1426 1425)
4(1425 1426 1447 1446)
4(1446 1447 1468 1467)
4(1467 1468 1489 1488)
4(1488 1489 1510 1509)
4(1509 1510 1531 1530)
4(1530 1531 1552 1551)
4(1551 1552 1573 1572)
4(1572 1573 1594 1593)
4(1593 1594 1615 1614)
4(1614 1615 1636 1635)
4(1635 1636 1657 1656)
4(1656 1657 1678 1677)
4(1677 1678 1699 1698)
4(1698 1699 1720 1719)
4(1719 1720 1741 1740)
4(241 230 1943 1942)
4(1942 1943 1953 1952)
4(1952 1953 1963 1962)
4(1962 1963 1973 1972)
4(1972 1973 1983 1982)
4(1982 1983 1993 1992)
4(1992 1993 2003 2002)
4(2002 2003 2013 2012)
4(2012 2013 2023 2022)
4(2022 2023 2033 2032)
4(2032 2033 2043 2042)
4(2042 2043 2053 2052)
4(2052 2053 2063 2062)
4(2062 2063 2073 2072)
4(2072 2073 2083 2082)
4(2082 2083 2093 2092)
4(2092 2093 2103 2102)
4(2102 2103 2113 2112)
4(2112 2113 2123 2122)
4(2122 2123 2133 2132)
4(230 219 1944 1943)
4(1943 1944 1954 1953)
4(1953 1954 1964 1963)
4(1963 1964 1974 1973)
4(1973 1974 1984 1983)
4(1983 1984 1994 1993)
4(1993 1994 2004 2003)
4(2003 2004 2014 2013)
4(2013 2014 2024 2023)
4(2023 2024 2034 2033)
4(2033 2034 2044 2043)
4(2043 2044 2054 2053)
4(2053 2054 2064 2063)
4(2063 2064 2074 2073)
4(2073 2074 2084 2083)
4(2083 2084 2094 2093)
4(2093 2094 2104 2103)
4(2103 2104 2114 2113)
4(2113 2114 2124 2123)
4(2123 2124 2134 2133)
4(219 208 1945 1944)
4(1944 1945 1955 1954)
4(1954 1955 1965 1964)
4(1964 1965 1975 1974)
4(1974 1975 1985 1984)
4(1984 1985 1995 1994)
4(1994 1995 2005 2004)
4(2004 2005 2015 2014)
4(2014 2015 2025 2024)
4(2024 2025 2035 2034)
4(2034 2035 2045 2044)
4(2044 2045 2055 2054)
4(2054 2055 2065 2064)
4(2064 2065 2075 2074)
4(2074 2075 2085 2084)
4(2084 2085 2095 2094)
4(2094 2095 2105 2104)
4(2104 2105 2115 2114)
4(2114 2115 2125 2124)
4(2124 2125 2135 2134)
4(208 197 1946 1945)
4(1945 1946 1956 1955)
4(1955 1956 1966 1965)
4(1965 1966 1976 1975)
4(1975 1976 1986 1985)
4(1985 1986 1996 1995)
4(1995 1996 2006 2005)
4(2005 2006 2016 2015)
4(2015 2016 2026 2025)
4(2025 2026 2036 2035)
4(2035 2036 2046 2045)
4(2045 2046 2056 2055)
4(2055 2056 2066 2065)
4(2065 2066 2076 2075)
4(2075 2076 2086 2085)
4(2085 2086 2096 2095)
4(2095 2096 2106 2105)
4(2105 2106 2116 2115)
4(2115 2116 2126 2125)
4(2125 2126 2136 2135)
4(197 186 1947 1946)
4(1946 1947 1957 1956)
4(1956 1957 1967 1966)
4(1966 1967 1977 1976)
4(1976 1977 1987 1986)
4(1986 1987 1997 1996)
4(1996 1997 2007 2006)
4(2006 2007 2017 2016)
4(2016 2017 2027 2026)
4(2026 2027 2037 2036)
4(2036 2037 2047 2046)
4(2046 2047 2057 2056)
4(2056 2057 2067 2066)
4(2066 2067 2077 2076)
4(2076 2077 2087 2086)
4(2086 2087 2097 2096)
4(2096 2097 2107 2106)
4(2106 2107 2117 2116)
4(2116 2117 2127 2126)
4(2126 2127 2137 2136)
4(186 175 1948 1947)
4(1947 1948 1958 1957)
4(1957 1958 1968 1967)
4(1967 1968 1978 1977)
4(1977 1978 1988 1987)
4(1987 1988 1998 1997)
4(1997 1998 2008 2007)
4(2007 2008 2018 2017)
4(2017 2018 2028 2027)
4(2027 2028 2038 2037)
4(2037 2038 2048 2047)
4(2047 2048 2058 2057)
4(2057 2058 2068 2067)
4(2067 2068 2078 2077)
4(2077 2078 2088 2087)
4(2087 2088 2098 2097)
4(2097 2098 2108 2107)
4(2107 2108 2118 2117)
4(2117 2118 2128 2127)
4(2127 2128 2138 2137)
4(175 164 1949 1948)
4(1948 1949 1959 1958)
4(1958 1959 1969 1968)
4(1968 1969 1979 1978)
4(1978 1979 1989 1988)
4(1988 1989 1999 1998)
4(1998 1999 2009 2008)
4(2008 2009 2019 2018)
4(2018 2019 2029 2028)
4(2028 2029 2039 2038)
4(2038 2039 2049 2048)
4(2048 2049 2059 2058)
4(2058 2059 2069 2068)
4(2068 2069 2079 2078)
4(2078 2079 2089 2088)
4(2088 2089 2099 2098)
4(2098 2099 2109 2108)
4(2108 2109 2119 2118)
4(2118 2119 2129 2128)
4(2128 2129 2139 2138)
4(164 153 1950 1949)
4(1949 1950 1960 1959)
4(1959 1960 1970 1969)
4(1969 1970 1980 1979)
4(1979 1980 1990 1989)
4(1989 1990 2000 1999)
4(1999 2000 2010 2009)
4(2009 2010 2020 2019)
4(2019 2020 2030 2029)
4(2029 2030 2040 2039)
4(2039 2040 2050 2049)
4(2049 2050 2060 2059)
4(2059 2060 2070 2069)
4(2069 2070 2080 2079)
4(2079 2080 2090 2089)
4(2089 2090 2100 2099)
4(2099 2100 2110 2109)
4(2109 2110 2120 2119)
4(2119 2120 2130 2129)
4(2129 2130 2140 2139)
4(153 142 1951 1950)
4(1950 1951 1961 1960)
4(1960 1961 1971 1970)
4(1970 1971 1981 1980)
4(1980 1981 1991 1990)
4(1990 1991 2001 2000)
4(2000 2001 2011 2010)
4(2010 2011 2021 2020)
4(2020 2021 2031 2030)
4(2030 2031 2041 2040)
4(2040 2041 2051 2050)
4(2050 2051 2061 2060)
4(2060 2061 2071 2070)
4(2070 2071 2081 2080)
4(2080 2081 2091 2090)
4(2090 2091 2101 2100)
4(2100 2101 2111 2110)
4(2110 2111 2121 2120)
4(2120 2121 2131 2130)
4(2130 2131 2141 2140)
4(142 131 1322 1951)
4(1951 1322 1343 1961)
4(1961 1343 1364 1971)
4(1971 1364 1385 1981)
4(1981 1385 1406 1991)
4(1991 1406 1427 2001)
4(2001 1427 1448 2011)
4(2011 1448 1469 2021)
4(2021 1469 1490 2031)
4(2031 1490 1511 2041)
4(2041 1511 1532 2051)
4(2051 1532 1553 2061)
4(2061 1553 1574 2071)
4(2071 1574 1595 2081)
4(2081 1595 1616 2091)
4(2091 1616 1637 2101)
4(2101 1637 1658 2111)
4(2111 1658 1679 2121)
4(2121 1679 1700 2131)
4(2131 1700 1721 2141)
)


// ************************************************************************* //
