/*--------------------------------*- C++ -*----------------------------------*\
  =========                 |
  \\      /  F ield         | OpenFOAM: The Open Source CFD Toolbox
   \\    /   O peration     | Website:  https://openfoam.org
    \\  /    A nd           | Version:  dev
     \\/     M anipulation  |
\*---------------------------------------------------------------------------*/
FoamFile
{
    format      ascii;
    class       vectorField;
    location    "constant/polyMesh";
    object      points;
}
// * * * * * * * * * * * * * * * * * * * * * * * * * * * * * * * * * * * * * //


2142
(
(0.353553 0.353553 0)
(0.3889084 0.3889084 0)
(0.4242638 0.4242638 0)
(0.4596192 0.4596192 0)
(0.4949746 0.4949746 0)
(0.53033 0.53033 0)
(0.5656854 0.5656854 0)
(0.6010408 0.6010408 0)
(0.6363962 0.6363962 0)
(0.6717516 0.6717516 0)
(0.707107 0.707107 0)
(0.3247236703 0.3802025945 0)
(0.3571961306 0.4182229573 0)
(0.3896685909 0.45624332 0)
(0.4221410512 0.4942636828 0)
(0.4546135115 0.5322840456 0)
(0.4870859718 0.5703044083 0)
(0.5195584321 0.6083247711 0)
(0.5520308924 0.6463451339 0)
(0.5845033527 0.6843654966 0)
(0.616975813 0.7223858594 0)
(0.6494482733 0.7604062221 0)
(0.2938923123 0.4045081186 0)
(0.3232816283 0.4449590345 0)
(0.3526709443 0.4854099505 0)
(0.3820602602 0.5258608665 0)
(0.4114495762 0.5663117825 0)
(0.4408388922 0.6067626984 0)
(0.4702282082 0.6472136144 0)
(0.4996175242 0.6876645304 0)
(0.5290068401 0.7281154464 0)
(0.5583961561 0.7685663624 0)
(0.5877854721 0.8090172783 0)
(0.2612490108 0.4263197211 0)
(0.2873739867 0.4689517954 0)
(0.3134989626 0.5115838696 0)
(0.3396239385 0.5542159439 0)
(0.3657489143 0.5968480182 0)
(0.3918738902 0.6394800925 0)
(0.4179988661 0.6821121668 0)
(0.444123842 0.7247442411 0)
(0.4702488179 0.7673763154 0)
(0.4963737937 0.8100083896 0)
(0.5224987696 0.8526404639 0)
(0.2269950219 0.4455029268 0)
(0.2496945879 0.4900533167 0)
(0.2723941539 0.5346037067 0)
(0.2950937199 0.5791540966 0)
(0.3177932859 0.6237044866 0)
(0.3404928519 0.6682548765 0)
(0.3631924179 0.7128052665 0)
(0.3858919839 0.7573556564 0)
(0.4085915499 0.8019060464 0)
(0.4312911159 0.8464564363 0)
(0.4539906819 0.8910068263 0)
(0.191341532 0.4619394652 0)
(0.2104757374 0.508133501 0)
(0.2296099428 0.5543275368 0)
(0.2487441482 0.6005215726 0)
(0.2678783536 0.6467156083 0)
(0.287012559 0.6929096441 0)
(0.3061467644 0.7391036799 0)
(0.3252809698 0.7852977156 0)
(0.3444151752 0.8314917514 0)
(0.3635493806 0.8776857872 0)
(0.382683586 0.9238798229 0)
(0.154508356 0.4755280001 0)
(0.169959232 0.5230808781 0)
(0.1854101079 0.5706337561 0)
(0.2008609839 0.6181866341 0)
(0.2163118599 0.6657395121 0)
(0.2317627359 0.7132923901 0)
(0.2472136118 0.7608452681 0)
(0.2626644878 0.8083981461 0)
(0.2781153638 0.8559510241 0)
(0.2935662398 0.9035039021 0)
(0.3090171157 0.9510567801 0)
(0.1167225818 0.4861847539 0)
(0.1283948687 0.5348032927 0)
(0.1400671557 0.5834218316 0)
(0.1517394427 0.6320403704 0)
(0.1634117296 0.6806589092 0)
(0.1750840166 0.729277448 0)
(0.1867563036 0.7778959868 0)
(0.1984285905 0.8265145256 0)
(0.2101008775 0.8751330644 0)
(0.2217731645 0.9237516032 0)
(0.2334454514 0.9723701421 0)
(0.07821717029 0.4938440244 0)
(0.08603890522 0.5432284724 0)
(0.09386064015 0.5926129204 0)
(0.1016823751 0.6419973684 0)
(0.10950411 0.6913818163 0)
(0.1173258449 0.7407662643 0)
(0.1251475799 0.7901507123 0)
(0.1329693148 0.8395351603 0)
(0.1407910497 0.8889196083 0)
(0.1486127847 0.9383040562 0)
(0.1564345196 0.9876885042 0)
(0.03922951939 0.4984585899 0)
(0.04315247948 0.5483044732 0)
(0.04707543958 0.5981503566 0)
(0.05099839967 0.6479962399 0)
(0.05492135977 0.6978421233 0)
(0.05884431986 0.7476880066 0)
(0.06276727995 0.79753389 0)
(0.06669024005 0.8473797733 0)
(0.07061320014 0.8972256567 0)
(0.07453616023 0.9470715401 0)
(0.07845912033 0.9969174234 0)
(0 0.5 0)
(-2.498001805e-17 0.55 0)
(-2.220446049e-17 0.6 0)
(-1.942890293e-17 0.65 0)
(-1.665334537e-17 0.7 0)
(-1.387778781e-17 0.75 0)
(-1.110223025e-17 0.8 0)
(-8.326672685e-18 0.85 0)
(-5.551115123e-18 0.9 0)
(-2.775557562e-18 0.95 0)
(0 1 0)
(0.353553 0.353553 0.5)
(0.3889084 0.3889084 0.5)
(0.4242638 0.4242638 0.5)
(0.4596192 0.4596192 0.5)
(0.4949746 0.4949746 0.5)
(0.53033 0.53033 0.5)
(0.5656854 0.5656854 0.5)
(0.6010408 0.6010408 0.5)
(0.6363962 0.6363962 0.5)
(0.6717516 0.6717516 0.5)
(0.707107 0.707107 0.5)
(0.3247236703 0.3802025945 0.5)
(0.3571961306 0.4182229573 0.5)
(0.3896685909 0.45624332 0.5)
(0.4221410512 0.4942636828 0.5)
(0.4546135115 0.5322840456 0.5)
(0.4870859718 0.5703044083 0.5)
(0.5195584321 0.6083247711 0.5)
(0.5520308924 0.6463451339 0.5)
(0.5845033527 0.6843654966 0.5)
(0.616975813 0.7223858594 0.5)
(0.6494482733 0.7604062221 0.5)
(0.2938923123 0.4045081186 0.5)
(0.3232816283 0.4449590345 0.5)
(0.3526709443 0.4854099505 0.5)
(0.3820602602 0.5258608665 0.5)
(0.4114495762 0.5663117825 0.5)
(0.4408388922 0.6067626984 0.5)
(0.4702282082 0.6472136144 0.5)
(0.4996175242 0.6876645304 0.5)
(0.5290068401 0.7281154464 0.5)
(0.5583961561 0.7685663624 0.5)
(0.5877854721 0.8090172783 0.5)
(0.2612490108 0.4263197211 0.5)
(0.2873739867 0.4689517954 0.5)
(0.3134989626 0.5115838696 0.5)
(0.3396239385 0.5542159439 0.5)
(0.3657489143 0.5968480182 0.5)
(0.3918738902 0.6394800925 0.5)
(0.4179988661 0.6821121668 0.5)
(0.444123842 0.7247442411 0.5)
(0.4702488179 0.7673763154 0.5)
(0.4963737937 0.8100083896 0.5)
(0.5224987696 0.8526404639 0.5)
(0.2269950219 0.4455029268 0.5)
(0.2496945879 0.4900533167 0.5)
(0.2723941539 0.5346037067 0.5)
(0.2950937199 0.5791540966 0.5)
(0.3177932859 0.6237044866 0.5)
(0.3404928519 0.6682548765 0.5)
(0.3631924179 0.7128052665 0.5)
(0.3858919839 0.7573556564 0.5)
(0.4085915499 0.8019060464 0.5)
(0.4312911159 0.8464564363 0.5)
(0.4539906819 0.8910068263 0.5)
(0.191341532 0.4619394652 0.5)
(0.2104757374 0.508133501 0.5)
(0.2296099428 0.5543275368 0.5)
(0.2487441482 0.6005215726 0.5)
(0.2678783536 0.6467156083 0.5)
(0.287012559 0.6929096441 0.5)
(0.3061467644 0.7391036799 0.5)
(0.3252809698 0.7852977156 0.5)
(0.3444151752 0.8314917514 0.5)
(0.3635493806 0.8776857872 0.5)
(0.382683586 0.9238798229 0.5)
(0.154508356 0.4755280001 0.5)
(0.169959232 0.5230808781 0.5)
(0.1854101079 0.5706337561 0.5)
(0.2008609839 0.6181866341 0.5)
(0.2163118599 0.6657395121 0.5)
(0.2317627359 0.7132923901 0.5)
(0.2472136118 0.7608452681 0.5)
(0.2626644878 0.8083981461 0.5)
(0.2781153638 0.8559510241 0.5)
(0.2935662398 0.9035039021 0.5)
(0.3090171157 0.9510567801 0.5)
(0.1167225818 0.4861847539 0.5)
(0.1283948687 0.5348032927 0.5)
(0.1400671557 0.5834218316 0.5)
(0.1517394427 0.6320403704 0.5)
(0.1634117296 0.6806589092 0.5)
(0.1750840166 0.729277448 0.5)
(0.1867563036 0.7778959868 0.5)
(0.1984285905 0.8265145256 0.5)
(0.2101008775 0.8751330644 0.5)
(0.2217731645 0.9237516032 0.5)
(0.2334454514 0.9723701421 0.5)
(0.07821717029 0.4938440244 0.5)
(0.08603890522 0.5432284724 0.5)
(0.09386064015 0.5926129204 0.5)
(0.1016823751 0.6419973684 0.5)
(0.10950411 0.6913818163 0.5)
(0.1173258449 0.7407662643 0.5)
(0.1251475799 0.7901507123 0.5)
(0.1329693148 0.8395351603 0.5)
(0.1407910497 0.8889196083 0.5)
(0.1486127847 0.9383040562 0.5)
(0.1564345196 0.9876885042 0.5)
(0.03922951939 0.4984585899 0.5)
(0.04315247948 0.5483044732 0.5)
(0.04707543958 0.5981503566 0.5)
(0.05099839967 0.6479962399 0.5)
(0.05492135977 0.6978421233 0.5)
(0.05884431986 0.7476880066 0.5)
(0.06276727995 0.79753389 0.5)
(0.06669024005 0.8473797733 0.5)
(0.07061320014 0.8972256567 0.5)
(0.07453616023 0.9470715401 0.5)
(0.07845912033 0.9969174234 0.5)
(0 0.5 0.5)
(-2.498001805e-17 0.55 0.5)
(-2.220446049e-17 0.6 0.5)
(-1.942890293e-17 0.65 0.5)
(-1.665334537e-17 0.7 0.5)
(-1.387778781e-17 0.75 0.5)
(-1.110223025e-17 0.8 0.5)
(-8.326672685e-18 0.85 0.5)
(-5.551115123e-18 0.9 0.5)
(-2.775557562e-18 0.95 0.5)
(0 1 0.5)
(0.5 0 0)
(0.55 0 0)
(0.6 0 0)
(0.65 0 0)
(0.7 0 0)
(0.75 0 0)
(0.8 0 0)
(0.85 0 0)
(0.9 0 0)
(0.95 0 0)
(1 0 0)
(0.4984585899 0.03922951939 0)
(0.5483044732 0.04315247948 0)
(0.5981503566 0.04707543958 0)
(0.6479962399 0.05099839967 0)
(0.6978421233 0.05492135977 0)
(0.7476880066 0.05884431986 0)
(0.79753389 0.06276727995 0)
(0.8473797733 0.06669024005 0)
(0.8972256567 0.07061320014 0)
(0.9470715401 0.07453616023 0)
(0.9969174234 0.07845912033 0)
(0.4938440244 0.07821717029 0)
(0.5432284724 0.08603890522 0)
(0.5926129204 0.09386064015 0)
(0.6419973684 0.1016823751 0)
(0.6913818163 0.10950411 0)
(0.7407662643 0.1173258449 0)
(0.7901507123 0.1251475799 0)
(0.8395351603 0.1329693148 0)
(0.8889196083 0.1407910497 0)
(0.9383040562 0.1486127847 0)
(0.9876885042 0.1564345196 0)
(0.4861847539 0.1167225818 0)
(0.5348032927 0.1283948687 0)
(0.5834218316 0.1400671557 0)
(0.6320403704 0.1517394427 0)
(0.6806589092 0.1634117296 0)
(0.729277448 0.1750840166 0)
(0.7778959868 0.1867563036 0)
(0.8265145256 0.1984285905 0)
(0.8751330644 0.2101008775 0)
(0.9237516032 0.2217731645 0)
(0.9723701421 0.2334454514 0)
(0.4755280001 0.154508356 0)
(0.5230808781 0.169959232 0)
(0.5706337561 0.1854101079 0)
(0.6181866341 0.2008609839 0)
(0.6657395121 0.2163118599 0)
(0.7132923901 0.2317627359 0)
(0.7608452681 0.2472136118 0)
(0.8083981461 0.2626644878 0)
(0.8559510241 0.2781153638 0)
(0.9035039021 0.2935662398 0)
(0.9510567801 0.3090171157 0)
(0.4619394652 0.191341532 0)
(0.508133501 0.2104757374 0)
(0.5543275368 0.2296099428 0)
(0.6005215726 0.2487441482 0)
(0.6467156083 0.2678783536 0)
(0.6929096441 0.287012559 0)
(0.7391036799 0.3061467644 0)
(0.7852977156 0.3252809698 0)
(0.8314917514 0.3444151752 0)
(0.8776857872 0.3635493806 0)
(0.9238798229 0.382683586 0)
(0.4455029268 0.2269950219 0)
(0.4900533167 0.2496945879 0)
(0.5346037067 0.2723941539 0)
(0.5791540966 0.2950937199 0)
(0.6237044866 0.3177932859 0)
(0.6682548765 0.3404928519 0)
(0.7128052665 0.3631924179 0)
(0.7573556564 0.3858919839 0)
(0.8019060464 0.4085915499 0)
(0.8464564363 0.4312911159 0)
(0.8910068263 0.4539906819 0)
(0.4263197211 0.2612490108 0)
(0.4689517954 0.2873739867 0)
(0.5115838696 0.3134989626 0)
(0.5542159439 0.3396239385 0)
(0.5968480182 0.3657489143 0)
(0.6394800925 0.3918738902 0)
(0.6821121668 0.4179988661 0)
(0.7247442411 0.444123842 0)
(0.7673763154 0.4702488179 0)
(0.8100083896 0.4963737937 0)
(0.8526404639 0.5224987696 0)
(0.4045081186 0.2938923123 0)
(0.4449590345 0.3232816283 0)
(0.4854099505 0.3526709443 0)
(0.5258608665 0.3820602602 0)
(0.5663117825 0.4114495762 0)
(0.6067626984 0.4408388922 0)
(0.6472136144 0.4702282082 0)
(0.6876645304 0.4996175242 0)
(0.7281154464 0.5290068401 0)
(0.7685663624 0.5583961561 0)
(0.8090172783 0.5877854721 0)
(0.3802025945 0.3247236703 0)
(0.4182229573 0.3571961306 0)
(0.45624332 0.3896685909 0)
(0.4942636828 0.4221410512 0)
(0.5322840456 0.4546135115 0)
(0.5703044083 0.4870859718 0)
(0.6083247711 0.5195584321 0)
(0.6463451339 0.5520308924 0)
(0.6843654966 0.5845033527 0)
(0.7223858594 0.616975813 0)
(0.7604062221 0.6494482733 0)
(0.5 0 0.5)
(0.55 0 0.5)
(0.6 0 0.5)
(0.65 0 0.5)
(0.7 0 0.5)
(0.75 0 0.5)
(0.8 0 0.5)
(0.85 0 0.5)
(0.9 0 0.5)
(0.95 0 0.5)
(1 0 0.5)
(0.4984585899 0.03922951939 0.5)
(0.5483044732 0.04315247948 0.5)
(0.5981503566 0.04707543958 0.5)
(0.6479962399 0.05099839967 0.5)
(0.6978421233 0.05492135977 0.5)
(0.7476880066 0.05884431986 0.5)
(0.79753389 0.06276727995 0.5)
(0.8473797733 0.06669024005 0.5)
(0.8972256567 0.07061320014 0.5)
(0.9470715401 0.07453616023 0.5)
(0.9969174234 0.07845912033 0.5)
(0.4938440244 0.07821717029 0.5)
(0.5432284724 0.08603890522 0.5)
(0.5926129204 0.09386064015 0.5)
(0.6419973684 0.1016823751 0.5)
(0.6913818163 0.10950411 0.5)
(0.7407662643 0.1173258449 0.5)
(0.7901507123 0.1251475799 0.5)
(0.8395351603 0.1329693148 0.5)
(0.8889196083 0.1407910497 0.5)
(0.9383040562 0.1486127847 0.5)
(0.9876885042 0.1564345196 0.5)
(0.4861847539 0.1167225818 0.5)
(0.5348032927 0.1283948687 0.5)
(0.5834218316 0.1400671557 0.5)
(0.6320403704 0.1517394427 0.5)
(0.6806589092 0.1634117296 0.5)
(0.729277448 0.1750840166 0.5)
(0.7778959868 0.1867563036 0.5)
(0.8265145256 0.1984285905 0.5)
(0.8751330644 0.2101008775 0.5)
(0.9237516032 0.2217731645 0.5)
(0.9723701421 0.2334454514 0.5)
(0.4755280001 0.154508356 0.5)
(0.5230808781 0.169959232 0.5)
(0.5706337561 0.1854101079 0.5)
(0.6181866341 0.2008609839 0.5)
(0.6657395121 0.2163118599 0.5)
(0.7132923901 0.2317627359 0.5)
(0.7608452681 0.2472136118 0.5)
(0.8083981461 0.2626644878 0.5)
(0.8559510241 0.2781153638 0.5)
(0.9035039021 0.2935662398 0.5)
(0.9510567801 0.3090171157 0.5)
(0.4619394652 0.191341532 0.5)
(0.508133501 0.2104757374 0.5)
(0.5543275368 0.2296099428 0.5)
(0.6005215726 0.2487441482 0.5)
(0.6467156083 0.2678783536 0.5)
(0.6929096441 0.287012559 0.5)
(0.7391036799 0.3061467644 0.5)
(0.7852977156 0.3252809698 0.5)
(0.8314917514 0.3444151752 0.5)
(0.8776857872 0.3635493806 0.5)
(0.9238798229 0.382683586 0.5)
(0.4455029268 0.2269950219 0.5)
(0.4900533167 0.2496945879 0.5)
(0.5346037067 0.2723941539 0.5)
(0.5791540966 0.2950937199 0.5)
(0.6237044866 0.3177932859 0.5)
(0.6682548765 0.3404928519 0.5)
(0.7128052665 0.3631924179 0.5)
(0.7573556564 0.3858919839 0.5)
(0.8019060464 0.4085915499 0.5)
(0.8464564363 0.4312911159 0.5)
(0.8910068263 0.4539906819 0.5)
(0.4263197211 0.2612490108 0.5)
(0.4689517954 0.2873739867 0.5)
(0.5115838696 0.3134989626 0.5)
(0.5542159439 0.3396239385 0.5)
(0.5968480182 0.3657489143 0.5)
(0.6394800925 0.3918738902 0.5)
(0.6821121668 0.4179988661 0.5)
(0.7247442411 0.444123842 0.5)
(0.7673763154 0.4702488179 0.5)
(0.8100083896 0.4963737937 0.5)
(0.8526404639 0.5224987696 0.5)
(0.4045081186 0.2938923123 0.5)
(0.4449590345 0.3232816283 0.5)
(0.4854099505 0.3526709443 0.5)
(0.5258608665 0.3820602602 0.5)
(0.5663117825 0.4114495762 0.5)
(0.6067626984 0.4408388922 0.5)
(0.6472136144 0.4702282082 0.5)
(0.6876645304 0.4996175242 0.5)
(0.7281154464 0.5290068401 0.5)
(0.7685663624 0.5583961561 0.5)
(0.8090172783 0.5877854721 0.5)
(0.3802025945 0.3247236703 0.5)
(0.4182229573 0.3571961306 0.5)
(0.45624332 0.3896685909 0.5)
(0.4942636828 0.4221410512 0.5)
(0.5322840456 0.4546135115 0.5)
(0.5703044083 0.4870859718 0.5)
(0.6083247711 0.5195584321 0.5)
(0.6463451339 0.5520308924 0.5)
(0.6843654966 0.5845033527 0.5)
(0.7223858594 0.616975813 0.5)
(0.7604062221 0.6494482733 0.5)
(1.05 0 0)
(1.1 0 0)
(1.15 0 0)
(1.2 0 0)
(1.25 0 0)
(1.3 0 0)
(1.35 0 0)
(1.4 0 0)
(1.45 0 0)
(1.5 0 0)
(1.55 0 0)
(1.6 0 0)
(1.65 0 0)
(1.7 0 0)
(1.75 0 0)
(1.8 0 0)
(1.85 0 0)
(1.9 0 0)
(1.95 0 0)
(2 0 0)
(1.047071552 0.07807169931 0)
(1.097225681 0.0776842783 0)
(1.14737981 0.07729685728 0)
(1.197533939 0.07690943626 0)
(1.247688068 0.07652201525 0)
(1.297842196 0.07613459423 0)
(1.347996325 0.07574717321 0)
(1.398150454 0.0753597522 0)
(1.448304583 0.07497233118 0)
(1.498458712 0.07458491016 0)
(1.548612841 0.07419748915 0)
(1.598766969 0.07381006813 0)
(1.648921098 0.07342264711 0)
(1.699075227 0.0730352261 0)
(1.749229356 0.07264780508 0)
(1.799383485 0.07226038407 0)
(1.849537614 0.07187296305 0)
(1.899691742 0.07148554203 0)
(1.949845871 0.07109812102 0)
(2 0.0707107 0)
(1.038304079 0.1556838636 0)
(1.088919654 0.1549332076 0)
(1.139535229 0.1541825517 0)
(1.190150803 0.1534318957 0)
(1.240766378 0.1526812397 0)
(1.291381953 0.1519305837 0)
(1.341997528 0.1511799277 0)
(1.392613103 0.1504292718 0)
(1.443228677 0.1496786158 0)
(1.493844252 0.1489279598 0)
(1.544459827 0.1481773038 0)
(1.595075402 0.1474266478 0)
(1.645690976 0.1466759919 0)
(1.696306551 0.1459253359 0)
(1.746922126 0.1451746799 0)
(1.797537701 0.1444240239 0)
(1.848153276 0.1436733679 0)
(1.89876885 0.142922712 0)
(1.949384425 0.142172056 0)
(2 0.1414214 0)
(1.023751635 0.2323797839 0)
(1.075133128 0.2313141163 0)
(1.126514621 0.2302484487 0)
(1.177896114 0.2291827811 0)
(1.229277607 0.2281171136 0)
(1.280659099 0.227051446 0)
(1.332040592 0.2259857784 0)
(1.383422085 0.2249201109 0)
(1.434803578 0.2238544433 0)
(1.486185071 0.2227887757 0)
(1.537566564 0.2217231081 0)
(1.588948057 0.2206574406 0)
(1.64032955 0.219591773 0)
(1.691711043 0.2185261054 0)
(1.743092536 0.2174604379 0)
(1.794474028 0.2163947703 0)
(1.845855521 0.2153291027 0)
(1.897237014 0.2142634351 0)
(1.948618507 0.2131977676 0)
(2 0.2121321 0)
(1.003503941 0.3077083999 0)
(1.055951102 0.3063996842 0)
(1.108398263 0.3050909684 0)
(1.160845424 0.3037822526 0)
(1.213292585 0.3024735368 0)
(1.265739746 0.301164821 0)
(1.318186907 0.2998561052 0)
(1.370634068 0.2985473894 0)
(1.423081229 0.2972386736 0)
(1.47552839 0.2959299579 0)
(1.527975551 0.2946212421 0)
(1.580422712 0.2933125263 0)
(1.632869873 0.2920038105 0)
(1.685317034 0.2906950947 0)
(1.737764195 0.2893863789 0)
(1.790211356 0.2880776631 0)
(1.842658517 0.2867689474 0)
(1.895105678 0.2854602316 0)
(1.947552839 0.2841515158 0)
(2 0.2828428 0)
(0.9776858318 0.3812270817 0)
(1.031491841 0.3797705774 0)
(1.08529785 0.3783140731 0)
(1.139103858 0.3768575688 0)
(1.192909867 0.3754010645 0)
(1.246715876 0.3739445602 0)
(1.300521885 0.3724880559 0)
(1.354327894 0.3710315516 0)
(1.408133903 0.3695750473 0)
(1.461939911 0.368118543 0)
(1.51574592 0.3666620387 0)
(1.569551929 0.3652055344 0)
(1.623357938 0.3637490301 0)
(1.677163947 0.3622925258 0)
(1.730969956 0.3608360215 0)
(1.784775965 0.3593795172 0)
(1.838581973 0.3579230129 0)
(1.892387982 0.3564665086 0)
(1.946193991 0.3550100043 0)
(2 0.3535535 0)
(0.946456485 0.4525043578 0)
(1.001906144 0.4510180337 0)
(1.057355802 0.4495317096 0)
(1.112805461 0.4480453855 0)
(1.16825512 0.4465590614 0)
(1.223704778 0.4450727373 0)
(1.279154437 0.4435864132 0)
(1.334604096 0.4421000891 0)
(1.390053754 0.4406137651 0)
(1.445503413 0.439127441 0)
(1.500953072 0.4376411169 0)
(1.556402731 0.4361547928 0)
(1.611852389 0.4346684687 0)
(1.667302048 0.4331821446 0)
(1.722751707 0.4316958205 0)
(1.778201365 0.4302094964 0)
(1.833651024 0.4287231723 0)
(1.889100683 0.4272368482 0)
(1.944550341 0.4257505241 0)
(2 0.4242642 0)
(0.9100084407 0.5211225761 0)
(0.9673764175 0.5197463827 0)
(1.024744394 0.5183701892 0)
(1.082112371 0.5169939957 0)
(1.139480348 0.5156178022 0)
(1.196848325 0.5142416087 0)
(1.254216302 0.5128654153 0)
(1.311584278 0.5114892218 0)
(1.368952255 0.5101130283 0)
(1.426320232 0.5087368348 0)
(1.483688209 0.5073606413 0)
(1.541056186 0.5059844478 0)
(1.598424162 0.5046082544 0)
(1.655792139 0.5032320609 0)
(1.713160116 0.5018558674 0)
(1.770528093 0.5004796739 0)
(1.82789607 0.4991034804 0)
(1.885264046 0.497727287 0)
(1.942632023 0.4963510935 0)
(2 0.4949749 0)
(0.8685664144 0.5866804785 0)
(0.9281155505 0.5855754849 0)
(0.9876646866 0.5844704913 0)
(1.047213823 0.5833654977 0)
(1.106762959 0.5822605041 0)
(1.166312095 0.5811555105 0)
(1.225861231 0.5800505169 0)
(1.285410367 0.5789455233 0)
(1.344959503 0.5778405297 0)
(1.404508639 0.576735536 0)
(1.464057775 0.5756305424 0)
(1.523606911 0.5745255488 0)
(1.583156047 0.5734205552 0)
(1.642705184 0.5723155616 0)
(1.70225432 0.571210568 0)
(1.761803456 0.5701055744 0)
(1.821352592 0.5690005808 0)
(1.880901728 0.5678955872 0)
(1.940450864 0.5667905936 0)
(2 0.5656856 0)
(0.822385911 0.6487956747 0)
(0.8843655999 0.648143076 0)
(0.9463452888 0.6474904773 0)
(1.008324978 0.6468378787 0)
(1.070304667 0.64618528 0)
(1.132284356 0.6455326813 0)
(1.194264044 0.6448800827 0)
(1.256243733 0.644227484 0)
(1.318223422 0.6435748853 0)
(1.380203111 0.6429222867 0)
(1.4421828 0.642269688 0)
(1.504162489 0.6416170893 0)
(1.566142178 0.6409644907 0)
(1.628121867 0.640311892 0)
(1.690101556 0.6396592933 0)
(1.752081244 0.6390066947 0)
(1.814060933 0.638354096 0)
(1.876040622 0.6377014973 0)
(1.938020311 0.6370488987 0)
(2 0.6363963 0)
(0.77175165 0.707107 0)
(0.8363963 0.707107 0)
(0.90104095 0.707107 0)
(0.9656856 0.707107 0)
(1.03033025 0.707107 0)
(1.0949749 0.707107 0)
(1.15961955 0.707107 0)
(1.2242642 0.707107 0)
(1.28890885 0.707107 0)
(1.3535535 0.707107 0)
(1.41819815 0.707107 0)
(1.4828428 0.707107 0)
(1.54748745 0.707107 0)
(1.6121321 0.707107 0)
(1.67677675 0.707107 0)
(1.7414214 0.707107 0)
(1.80606605 0.707107 0)
(1.8707107 0.707107 0)
(1.93535535 0.707107 0)
(2 0.707107 0)
(1.05 0 0.5)
(1.1 0 0.5)
(1.15 0 0.5)
(1.2 0 0.5)
(1.25 0 0.5)
(1.3 0 0.5)
(1.35 0 0.5)
(1.4 0 0.5)
(1.45 0 0.5)
(1.5 0 0.5)
(1.55 0 0.5)
(1.6 0 0.5)
(1.65 0 0.5)
(1.7 0 0.5)
(1.75 0 0.5)
(1.8 0 0.5)
(1.85 0 0.5)
(1.9 0 0.5)
(1.95 0 0.5)
(2 0 0.5)
(1.047071552 0.07807169931 0.5)
(1.097225681 0.0776842783 0.5)
(1.14737981 0.07729685728 0.5)
(1.197533939 0.07690943626 0.5)
(1.247688068 0.07652201525 0.5)
(1.297842196 0.07613459423 0.5)
(1.347996325 0.07574717321 0.5)
(1.398150454 0.0753597522 0.5)
(1.448304583 0.07497233118 0.5)
(1.498458712 0.07458491016 0.5)
(1.548612841 0.07419748915 0.5)
(1.598766969 0.07381006813 0.5)
(1.648921098 0.07342264711 0.5)
(1.699075227 0.0730352261 0.5)
(1.749229356 0.07264780508 0.5)
(1.799383485 0.07226038407 0.5)
(1.849537614 0.07187296305 0.5)
(1.899691742 0.07148554203 0.5)
(1.949845871 0.07109812102 0.5)
(2 0.0707107 0.5)
(1.038304079 0.1556838636 0.5)
(1.088919654 0.1549332076 0.5)
(1.139535229 0.1541825517 0.5)
(1.190150803 0.1534318957 0.5)
(1.240766378 0.1526812397 0.5)
(1.291381953 0.1519305837 0.5)
(1.341997528 0.1511799277 0.5)
(1.392613103 0.1504292718 0.5)
(1.443228677 0.1496786158 0.5)
(1.493844252 0.1489279598 0.5)
(1.544459827 0.1481773038 0.5)
(1.595075402 0.1474266478 0.5)
(1.645690976 0.1466759919 0.5)
(1.696306551 0.1459253359 0.5)
(1.746922126 0.1451746799 0.5)
(1.797537701 0.1444240239 0.5)
(1.848153276 0.1436733679 0.5)
(1.89876885 0.142922712 0.5)
(1.949384425 0.142172056 0.5)
(2 0.1414214 0.5)
(1.023751635 0.2323797839 0.5)
(1.075133128 0.2313141163 0.5)
(1.126514621 0.2302484487 0.5)
(1.177896114 0.2291827811 0.5)
(1.229277607 0.2281171136 0.5)
(1.280659099 0.227051446 0.5)
(1.332040592 0.2259857784 0.5)
(1.383422085 0.2249201109 0.5)
(1.434803578 0.2238544433 0.5)
(1.486185071 0.2227887757 0.5)
(1.537566564 0.2217231081 0.5)
(1.588948057 0.2206574406 0.5)
(1.64032955 0.219591773 0.5)
(1.691711043 0.2185261054 0.5)
(1.743092536 0.2174604379 0.5)
(1.794474028 0.2163947703 0.5)
(1.845855521 0.2153291027 0.5)
(1.897237014 0.2142634351 0.5)
(1.948618507 0.2131977676 0.5)
(2 0.2121321 0.5)
(1.003503941 0.3077083999 0.5)
(1.055951102 0.3063996842 0.5)
(1.108398263 0.3050909684 0.5)
(1.160845424 0.3037822526 0.5)
(1.213292585 0.3024735368 0.5)
(1.265739746 0.301164821 0.5)
(1.318186907 0.2998561052 0.5)
(1.370634068 0.2985473894 0.5)
(1.423081229 0.2972386736 0.5)
(1.47552839 0.2959299579 0.5)
(1.527975551 0.2946212421 0.5)
(1.580422712 0.2933125263 0.5)
(1.632869873 0.2920038105 0.5)
(1.685317034 0.2906950947 0.5)
(1.737764195 0.2893863789 0.5)
(1.790211356 0.2880776631 0.5)
(1.842658517 0.2867689474 0.5)
(1.895105678 0.2854602316 0.5)
(1.947552839 0.2841515158 0.5)
(2 0.2828428 0.5)
(0.9776858318 0.3812270817 0.5)
(1.031491841 0.3797705774 0.5)
(1.08529785 0.3783140731 0.5)
(1.139103858 0.3768575688 0.5)
(1.192909867 0.3754010645 0.5)
(1.246715876 0.3739445602 0.5)
(1.300521885 0.3724880559 0.5)
(1.354327894 0.3710315516 0.5)
(1.408133903 0.3695750473 0.5)
(1.461939911 0.368118543 0.5)
(1.51574592 0.3666620387 0.5)
(1.569551929 0.3652055344 0.5)
(1.623357938 0.3637490301 0.5)
(1.677163947 0.3622925258 0.5)
(1.730969956 0.3608360215 0.5)
(1.784775965 0.3593795172 0.5)
(1.838581973 0.3579230129 0.5)
(1.892387982 0.3564665086 0.5)
(1.946193991 0.3550100043 0.5)
(2 0.3535535 0.5)
(0.946456485 0.4525043578 0.5)
(1.001906144 0.4510180337 0.5)
(1.057355802 0.4495317096 0.5)
(1.112805461 0.4480453855 0.5)
(1.16825512 0.4465590614 0.5)
(1.223704778 0.4450727373 0.5)
(1.279154437 0.4435864132 0.5)
(1.334604096 0.4421000891 0.5)
(1.390053754 0.4406137651 0.5)
(1.445503413 0.439127441 0.5)
(1.500953072 0.4376411169 0.5)
(1.556402731 0.4361547928 0.5)
(1.611852389 0.4346684687 0.5)
(1.667302048 0.4331821446 0.5)
(1.722751707 0.4316958205 0.5)
(1.778201365 0.4302094964 0.5)
(1.833651024 0.4287231723 0.5)
(1.889100683 0.4272368482 0.5)
(1.944550341 0.4257505241 0.5)
(2 0.4242642 0.5)
(0.9100084407 0.5211225761 0.5)
(0.9673764175 0.5197463827 0.5)
(1.024744394 0.5183701892 0.5)
(1.082112371 0.5169939957 0.5)
(1.139480348 0.5156178022 0.5)
(1.196848325 0.5142416087 0.5)
(1.254216302 0.5128654153 0.5)
(1.311584278 0.5114892218 0.5)
(1.368952255 0.5101130283 0.5)
(1.426320232 0.5087368348 0.5)
(1.483688209 0.5073606413 0.5)
(1.541056186 0.5059844478 0.5)
(1.598424162 0.5046082544 0.5)
(1.655792139 0.5032320609 0.5)
(1.713160116 0.5018558674 0.5)
(1.770528093 0.5004796739 0.5)
(1.82789607 0.4991034804 0.5)
(1.885264046 0.497727287 0.5)
(1.942632023 0.4963510935 0.5)
(2 0.4949749 0.5)
(0.8685664144 0.5866804785 0.5)
(0.9281155505 0.5855754849 0.5)
(0.9876646866 0.5844704913 0.5)
(1.047213823 0.5833654977 0.5)
(1.106762959 0.5822605041 0.5)
(1.166312095 0.5811555105 0.5)
(1.225861231 0.5800505169 0.5)
(1.285410367 0.5789455233 0.5)
(1.344959503 0.5778405297 0.5)
(1.404508639 0.576735536 0.5)
(1.464057775 0.5756305424 0.5)
(1.523606911 0.5745255488 0.5)
(1.583156047 0.5734205552 0.5)
(1.642705184 0.5723155616 0.5)
(1.70225432 0.571210568 0.5)
(1.761803456 0.5701055744 0.5)
(1.821352592 0.5690005808 0.5)
(1.880901728 0.5678955872 0.5)
(1.940450864 0.5667905936 0.5)
(2 0.5656856 0.5)
(0.822385911 0.6487956747 0.5)
(0.8843655999 0.648143076 0.5)
(0.9463452888 0.6474904773 0.5)
(1.008324978 0.6468378787 0.5)
(1.070304667 0.64618528 0.5)
(1.132284356 0.6455326813 0.5)
(1.194264044 0.6448800827 0.5)
(1.256243733 0.644227484 0.5)
(1.318223422 0.6435748853 0.5)
(1.380203111 0.6429222867 0.5)
(1.4421828 0.642269688 0.5)
(1.504162489 0.6416170893 0.5)
(1.566142178 0.6409644907 0.5)
(1.628121867 0.640311892 0.5)
(1.690101556 0.6396592933 0.5)
(1.752081244 0.6390066947 0.5)
(1.814060933 0.638354096 0.5)
(1.876040622 0.6377014973 0.5)
(1.938020311 0.6370488987 0.5)
(2 0.6363963 0.5)
(0.77175165 0.707107 0.5)
(0.8363963 0.707107 0.5)
(0.90104095 0.707107 0.5)
(0.9656856 0.707107 0.5)
(1.03033025 0.707107 0.5)
(1.0949749 0.707107 0.5)
(1.15961955 0.707107 0.5)
(1.2242642 0.707107 0.5)
(1.28890885 0.707107 0.5)
(1.3535535 0.707107 0.5)
(1.41819815 0.707107 0.5)
(1.4828428 0.707107 0.5)
(1.54748745 0.707107 0.5)
(1.6121321 0.707107 0.5)
(1.67677675 0.707107 0.5)
(1.7414214 0.707107 0.5)
(1.80606605 0.707107 0.5)
(1.8707107 0.707107 0.5)
(1.93535535 0.707107 0.5)
(2 0.707107 0.5)
(0.707107 0.77175165 0)
(0.77175165 0.77175165 0)
(0.8363963 0.77175165 0)
(0.90104095 0.77175165 0)
(0.9656856 0.77175165 0)
(1.03033025 0.77175165 0)
(1.0949749 0.77175165 0)
(1.15961955 0.77175165 0)
(1.2242642 0.77175165 0)
(1.28890885 0.77175165 0)
(1.3535535 0.77175165 0)
(1.41819815 0.77175165 0)
(1.4828428 0.77175165 0)
(1.54748745 0.77175165 0)
(1.6121321 0.77175165 0)
(1.67677675 0.77175165 0)
(1.7414214 0.77175165 0)
(1.80606605 0.77175165 0)
(1.8707107 0.77175165 0)
(1.93535535 0.77175165 0)
(2 0.77175165 0)
(0.707107 0.8363963 0)
(0.77175165 0.8363963 0)
(0.8363963 0.8363963 0)
(0.90104095 0.8363963 0)
(0.9656856 0.8363963 0)
(1.03033025 0.8363963 0)
(1.0949749 0.8363963 0)
(1.15961955 0.8363963 0)
(1.2242642 0.8363963 0)
(1.28890885 0.8363963 0)
(1.3535535 0.8363963 0)
(1.41819815 0.8363963 0)
(1.4828428 0.8363963 0)
(1.54748745 0.8363963 0)
(1.6121321 0.8363963 0)
(1.67677675 0.8363963 0)
(1.7414214 0.8363963 0)
(1.80606605 0.8363963 0)
(1.8707107 0.8363963 0)
(1.93535535 0.8363963 0)
(2 0.8363963 0)
(0.707107 0.90104095 0)
(0.77175165 0.90104095 0)
(0.8363963 0.90104095 0)
(0.90104095 0.90104095 0)
(0.9656856 0.90104095 0)
(1.03033025 0.90104095 0)
(1.0949749 0.90104095 0)
(1.15961955 0.90104095 0)
(1.2242642 0.90104095 0)
(1.28890885 0.90104095 0)
(1.3535535 0.90104095 0)
(1.41819815 0.90104095 0)
(1.4828428 0.90104095 0)
(1.54748745 0.90104095 0)
(1.6121321 0.90104095 0)
(1.67677675 0.90104095 0)
(1.7414214 0.90104095 0)
(1.80606605 0.90104095 0)
(1.8707107 0.90104095 0)
(1.93535535 0.90104095 0)
(2 0.90104095 0)
(0.707107 0.9656856 0)
(0.77175165 0.9656856 0)
(0.8363963 0.9656856 0)
(0.90104095 0.9656856 0)
(0.9656856 0.9656856 0)
(1.03033025 0.9656856 0)
(1.0949749 0.9656856 0)
(1.15961955 0.9656856 0)
(1.2242642 0.9656856 0)
(1.28890885 0.9656856 0)
(1.3535535 0.9656856 0)
(1.41819815 0.9656856 0)
(1.4828428 0.9656856 0)
(1.54748745 0.9656856 0)
(1.6121321 0.9656856 0)
(1.67677675 0.9656856 0)
(1.7414214 0.9656856 0)
(1.80606605 0.9656856 0)
(1.8707107 0.9656856 0)
(1.93535535 0.9656856 0)
(2 0.9656856 0)
(0.707107 1.03033025 0)
(0.77175165 1.03033025 0)
(0.8363963 1.03033025 0)
(0.90104095 1.03033025 0)
(0.9656856 1.03033025 0)
(1.03033025 1.03033025 0)
(1.0949749 1.03033025 0)
(1.15961955 1.03033025 0)
(1.2242642 1.03033025 0)
(1.28890885 1.03033025 0)
(1.3535535 1.03033025 0)
(1.41819815 1.03033025 0)
(1.4828428 1.03033025 0)
(1.54748745 1.03033025 0)
(1.6121321 1.03033025 0)
(1.67677675 1.03033025 0)
(1.7414214 1.03033025 0)
(1.80606605 1.03033025 0)
(1.8707107 1.03033025 0)
(1.93535535 1.03033025 0)
(2 1.03033025 0)
(0.707107 1.0949749 0)
(0.77175165 1.0949749 0)
(0.8363963 1.0949749 0)
(0.90104095 1.0949749 0)
(0.9656856 1.0949749 0)
(1.03033025 1.0949749 0)
(1.0949749 1.0949749 0)
(1.15961955 1.0949749 0)
(1.2242642 1.0949749 0)
(1.28890885 1.0949749 0)
(1.3535535 1.0949749 0)
(1.41819815 1.0949749 0)
(1.4828428 1.0949749 0)
(1.54748745 1.0949749 0)
(1.6121321 1.0949749 0)
(1.67677675 1.0949749 0)
(1.7414214 1.0949749 0)
(1.80606605 1.0949749 0)
(1.8707107 1.0949749 0)
(1.93535535 1.0949749 0)
(2 1.0949749 0)
(0.707107 1.15961955 0)
(0.77175165 1.15961955 0)
(0.8363963 1.15961955 0)
(0.90104095 1.15961955 0)
(0.9656856 1.15961955 0)
(1.03033025 1.15961955 0)
(1.0949749 1.15961955 0)
(1.15961955 1.15961955 0)
(1.2242642 1.15961955 0)
(1.28890885 1.15961955 0)
(1.3535535 1.15961955 0)
(1.41819815 1.15961955 0)
(1.4828428 1.15961955 0)
(1.54748745 1.15961955 0)
(1.6121321 1.15961955 0)
(1.67677675 1.15961955 0)
(1.7414214 1.15961955 0)
(1.80606605 1.15961955 0)
(1.8707107 1.15961955 0)
(1.93535535 1.15961955 0)
(2 1.15961955 0)
(0.707107 1.2242642 0)
(0.77175165 1.2242642 0)
(0.8363963 1.2242642 0)
(0.90104095 1.2242642 0)
(0.9656856 1.2242642 0)
(1.03033025 1.2242642 0)
(1.0949749 1.2242642 0)
(1.15961955 1.2242642 0)
(1.2242642 1.2242642 0)
(1.28890885 1.2242642 0)
(1.3535535 1.2242642 0)
(1.41819815 1.2242642 0)
(1.4828428 1.2242642 0)
(1.54748745 1.2242642 0)
(1.6121321 1.2242642 0)
(1.67677675 1.2242642 0)
(1.7414214 1.2242642 0)
(1.80606605 1.2242642 0)
(1.8707107 1.2242642 0)
(1.93535535 1.2242642 0)
(2 1.2242642 0)
(0.707107 1.28890885 0)
(0.77175165 1.28890885 0)
(0.8363963 1.28890885 0)
(0.90104095 1.28890885 0)
(0.9656856 1.28890885 0)
(1.03033025 1.28890885 0)
(1.0949749 1.28890885 0)
(1.15961955 1.28890885 0)
(1.2242642 1.28890885 0)
(1.28890885 1.28890885 0)
(1.3535535 1.28890885 0)
(1.41819815 1.28890885 0)
(1.4828428 1.28890885 0)
(1.54748745 1.28890885 0)
(1.6121321 1.28890885 0)
(1.67677675 1.28890885 0)
(1.7414214 1.28890885 0)
(1.80606605 1.28890885 0)
(1.8707107 1.28890885 0)
(1.93535535 1.28890885 0)
(2 1.28890885 0)
(0.707107 1.3535535 0)
(0.77175165 1.3535535 0)
(0.8363963 1.3535535 0)
(0.90104095 1.3535535 0)
(0.9656856 1.3535535 0)
(1.03033025 1.3535535 0)
(1.0949749 1.3535535 0)
(1.15961955 1.3535535 0)
(1.2242642 1.3535535 0)
(1.28890885 1.3535535 0)
(1.3535535 1.3535535 0)
(1.41819815 1.3535535 0)
(1.4828428 1.3535535 0)
(1.54748745 1.3535535 0)
(1.6121321 1.3535535 0)
(1.67677675 1.3535535 0)
(1.7414214 1.3535535 0)
(1.80606605 1.3535535 0)
(1.8707107 1.3535535 0)
(1.93535535 1.3535535 0)
(2 1.3535535 0)
(0.707107 1.41819815 0)
(0.77175165 1.41819815 0)
(0.8363963 1.41819815 0)
(0.90104095 1.41819815 0)
(0.9656856 1.41819815 0)
(1.03033025 1.41819815 0)
(1.0949749 1.41819815 0)
(1.15961955 1.41819815 0)
(1.2242642 1.41819815 0)
(1.28890885 1.41819815 0)
(1.3535535 1.41819815 0)
(1.41819815 1.41819815 0)
(1.4828428 1.41819815 0)
(1.54748745 1.41819815 0)
(1.6121321 1.41819815 0)
(1.67677675 1.41819815 0)
(1.7414214 1.41819815 0)
(1.80606605 1.41819815 0)
(1.8707107 1.41819815 0)
(1.93535535 1.41819815 0)
(2 1.41819815 0)
(0.707107 1.4828428 0)
(0.77175165 1.4828428 0)
(0.8363963 1.4828428 0)
(0.90104095 1.4828428 0)
(0.9656856 1.4828428 0)
(1.03033025 1.4828428 0)
(1.0949749 1.4828428 0)
(1.15961955 1.4828428 0)
(1.2242642 1.4828428 0)
(1.28890885 1.4828428 0)
(1.3535535 1.4828428 0)
(1.41819815 1.4828428 0)
(1.4828428 1.4828428 0)
(1.54748745 1.4828428 0)
(1.6121321 1.4828428 0)
(1.67677675 1.4828428 0)
(1.7414214 1.4828428 0)
(1.80606605 1.4828428 0)
(1.8707107 1.4828428 0)
(1.93535535 1.4828428 0)
(2 1.4828428 0)
(0.707107 1.54748745 0)
(0.77175165 1.54748745 0)
(0.8363963 1.54748745 0)
(0.90104095 1.54748745 0)
(0.9656856 1.54748745 0)
(1.03033025 1.54748745 0)
(1.0949749 1.54748745 0)
(1.15961955 1.54748745 0)
(1.2242642 1.54748745 0)
(1.28890885 1.54748745 0)
(1.3535535 1.54748745 0)
(1.41819815 1.54748745 0)
(1.4828428 1.54748745 0)
(1.54748745 1.54748745 0)
(1.6121321 1.54748745 0)
(1.67677675 1.54748745 0)
(1.7414214 1.54748745 0)
(1.80606605 1.54748745 0)
(1.8707107 1.54748745 0)
(1.93535535 1.54748745 0)
(2 1.54748745 0)
(0.707107 1.6121321 0)
(0.77175165 1.6121321 0)
(0.8363963 1.6121321 0)
(0.90104095 1.6121321 0)
(0.9656856 1.6121321 0)
(1.03033025 1.6121321 0)
(1.0949749 1.6121321 0)
(1.15961955 1.6121321 0)
(1.2242642 1.6121321 0)
(1.28890885 1.6121321 0)
(1.3535535 1.6121321 0)
(1.41819815 1.6121321 0)
(1.4828428 1.6121321 0)
(1.54748745 1.6121321 0)
(1.6121321 1.6121321 0)
(1.67677675 1.6121321 0)
(1.7414214 1.6121321 0)
(1.80606605 1.6121321 0)
(1.8707107 1.6121321 0)
(1.93535535 1.6121321 0)
(2 1.6121321 0)
(0.707107 1.67677675 0)
(0.77175165 1.67677675 0)
(0.8363963 1.67677675 0)
(0.90104095 1.67677675 0)
(0.9656856 1.67677675 0)
(1.03033025 1.67677675 0)
(1.0949749 1.67677675 0)
(1.15961955 1.67677675 0)
(1.2242642 1.67677675 0)
(1.28890885 1.67677675 0)
(1.3535535 1.67677675 0)
(1.41819815 1.67677675 0)
(1.4828428 1.67677675 0)
(1.54748745 1.67677675 0)
(1.6121321 1.67677675 0)
(1.67677675 1.67677675 0)
(1.7414214 1.67677675 0)
(1.80606605 1.67677675 0)
(1.8707107 1.67677675 0)
(1.93535535 1.67677675 0)
(2 1.67677675 0)
(0.707107 1.7414214 0)
(0.77175165 1.7414214 0)
(0.8363963 1.7414214 0)
(0.90104095 1.7414214 0)
(0.9656856 1.7414214 0)
(1.03033025 1.7414214 0)
(1.0949749 1.7414214 0)
(1.15961955 1.7414214 0)
(1.2242642 1.7414214 0)
(1.28890885 1.7414214 0)
(1.3535535 1.7414214 0)
(1.41819815 1.7414214 0)
(1.4828428 1.7414214 0)
(1.54748745 1.7414214 0)
(1.6121321 1.7414214 0)
(1.67677675 1.7414214 0)
(1.7414214 1.7414214 0)
(1.80606605 1.7414214 0)
(1.8707107 1.7414214 0)
(1.93535535 1.7414214 0)
(2 1.7414214 0)
(0.707107 1.80606605 0)
(0.77175165 1.80606605 0)
(0.8363963 1.80606605 0)
(0.90104095 1.80606605 0)
(0.9656856 1.80606605 0)
(1.03033025 1.80606605 0)
(1.0949749 1.80606605 0)
(1.15961955 1.80606605 0)
(1.2242642 1.80606605 0)
(1.28890885 1.80606605 0)
(1.3535535 1.80606605 0)
(1.41819815 1.80606605 0)
(1.4828428 1.80606605 0)
(1.54748745 1.80606605 0)
(1.6121321 1.80606605 0)
(1.67677675 1.80606605 0)
(1.7414214 1.80606605 0)
(1.80606605 1.80606605 0)
(1.8707107 1.80606605 0)
(1.93535535 1.80606605 0)
(2 1.80606605 0)
(0.707107 1.8707107 0)
(0.77175165 1.8707107 0)
(0.8363963 1.8707107 0)
(0.90104095 1.8707107 0)
(0.9656856 1.8707107 0)
(1.03033025 1.8707107 0)
(1.0949749 1.8707107 0)
(1.15961955 1.8707107 0)
(1.2242642 1.8707107 0)
(1.28890885 1.8707107 0)
(1.3535535 1.8707107 0)
(1.41819815 1.8707107 0)
(1.4828428 1.8707107 0)
(1.54748745 1.8707107 0)
(1.6121321 1.8707107 0)
(1.67677675 1.8707107 0)
(1.7414214 1.8707107 0)
(1.80606605 1.8707107 0)
(1.8707107 1.8707107 0)
(1.93535535 1.8707107 0)
(2 1.8707107 0)
(0.707107 1.93535535 0)
(0.77175165 1.93535535 0)
(0.8363963 1.93535535 0)
(0.90104095 1.93535535 0)
(0.9656856 1.93535535 0)
(1.03033025 1.93535535 0)
(1.0949749 1.93535535 0)
(1.15961955 1.93535535 0)
(1.2242642 1.93535535 0)
(1.28890885 1.93535535 0)
(1.3535535 1.93535535 0)
(1.41819815 1.93535535 0)
(1.4828428 1.93535535 0)
(1.54748745 1.93535535 0)
(1.6121321 1.93535535 0)
(1.67677675 1.93535535 0)
(1.7414214 1.93535535 0)
(1.80606605 1.93535535 0)
(1.8707107 1.93535535 0)
(1.93535535 1.93535535 0)
(2 1.93535535 0)
(0.707107 2 0)
(0.77175165 2 0)
(0.8363963 2 0)
(0.90104095 2 0)
(0.9656856 2 0)
(1.03033025 2 0)
(1.0949749 2 0)
(1.15961955 2 0)
(1.2242642 2 0)
(1.28890885 2 0)
(1.3535535 2 0)
(1.41819815 2 0)
(1.4828428 2 0)
(1.54748745 2 0)
(1.6121321 2 0)
(1.67677675 2 0)
(1.7414214 2 0)
(1.80606605 2 0)
(1.8707107 2 0)
(1.93535535 2 0)
(2 2 0)
(0.707107 0.77175165 0.5)
(0.77175165 0.77175165 0.5)
(0.8363963 0.77175165 0.5)
(0.90104095 0.77175165 0.5)
(0.9656856 0.77175165 0.5)
(1.03033025 0.77175165 0.5)
(1.0949749 0.77175165 0.5)
(1.15961955 0.77175165 0.5)
(1.2242642 0.77175165 0.5)
(1.28890885 0.77175165 0.5)
(1.3535535 0.77175165 0.5)
(1.41819815 0.77175165 0.5)
(1.4828428 0.77175165 0.5)
(1.54748745 0.77175165 0.5)
(1.6121321 0.77175165 0.5)
(1.67677675 0.77175165 0.5)
(1.7414214 0.77175165 0.5)
(1.80606605 0.77175165 0.5)
(1.8707107 0.77175165 0.5)
(1.93535535 0.77175165 0.5)
(2 0.77175165 0.5)
(0.707107 0.8363963 0.5)
(0.77175165 0.8363963 0.5)
(0.8363963 0.8363963 0.5)
(0.90104095 0.8363963 0.5)
(0.9656856 0.8363963 0.5)
(1.03033025 0.8363963 0.5)
(1.0949749 0.8363963 0.5)
(1.15961955 0.8363963 0.5)
(1.2242642 0.8363963 0.5)
(1.28890885 0.8363963 0.5)
(1.3535535 0.8363963 0.5)
(1.41819815 0.8363963 0.5)
(1.4828428 0.8363963 0.5)
(1.54748745 0.8363963 0.5)
(1.6121321 0.8363963 0.5)
(1.67677675 0.8363963 0.5)
(1.7414214 0.8363963 0.5)
(1.80606605 0.8363963 0.5)
(1.8707107 0.8363963 0.5)
(1.93535535 0.8363963 0.5)
(2 0.8363963 0.5)
(0.707107 0.90104095 0.5)
(0.77175165 0.90104095 0.5)
(0.8363963 0.90104095 0.5)
(0.90104095 0.90104095 0.5)
(0.9656856 0.90104095 0.5)
(1.03033025 0.90104095 0.5)
(1.0949749 0.90104095 0.5)
(1.15961955 0.90104095 0.5)
(1.2242642 0.90104095 0.5)
(1.28890885 0.90104095 0.5)
(1.3535535 0.90104095 0.5)
(1.41819815 0.90104095 0.5)
(1.4828428 0.90104095 0.5)
(1.54748745 0.90104095 0.5)
(1.6121321 0.90104095 0.5)
(1.67677675 0.90104095 0.5)
(1.7414214 0.90104095 0.5)
(1.80606605 0.90104095 0.5)
(1.8707107 0.90104095 0.5)
(1.93535535 0.90104095 0.5)
(2 0.90104095 0.5)
(0.707107 0.9656856 0.5)
(0.77175165 0.9656856 0.5)
(0.8363963 0.9656856 0.5)
(0.90104095 0.9656856 0.5)
(0.9656856 0.9656856 0.5)
(1.03033025 0.9656856 0.5)
(1.0949749 0.9656856 0.5)
(1.15961955 0.9656856 0.5)
(1.2242642 0.9656856 0.5)
(1.28890885 0.9656856 0.5)
(1.3535535 0.9656856 0.5)
(1.41819815 0.9656856 0.5)
(1.4828428 0.9656856 0.5)
(1.54748745 0.9656856 0.5)
(1.6121321 0.9656856 0.5)
(1.67677675 0.9656856 0.5)
(1.7414214 0.9656856 0.5)
(1.80606605 0.9656856 0.5)
(1.8707107 0.9656856 0.5)
(1.93535535 0.9656856 0.5)
(2 0.9656856 0.5)
(0.707107 1.03033025 0.5)
(0.77175165 1.03033025 0.5)
(0.8363963 1.03033025 0.5)
(0.90104095 1.03033025 0.5)
(0.9656856 1.03033025 0.5)
(1.03033025 1.03033025 0.5)
(1.0949749 1.03033025 0.5)
(1.15961955 1.03033025 0.5)
(1.2242642 1.03033025 0.5)
(1.28890885 1.03033025 0.5)
(1.3535535 1.03033025 0.5)
(1.41819815 1.03033025 0.5)
(1.4828428 1.03033025 0.5)
(1.54748745 1.03033025 0.5)
(1.6121321 1.03033025 0.5)
(1.67677675 1.03033025 0.5)
(1.7414214 1.03033025 0.5)
(1.80606605 1.03033025 0.5)
(1.8707107 1.03033025 0.5)
(1.93535535 1.03033025 0.5)
(2 1.03033025 0.5)
(0.707107 1.0949749 0.5)
(0.77175165 1.0949749 0.5)
(0.8363963 1.0949749 0.5)
(0.90104095 1.0949749 0.5)
(0.9656856 1.0949749 0.5)
(1.03033025 1.0949749 0.5)
(1.0949749 1.0949749 0.5)
(1.15961955 1.0949749 0.5)
(1.2242642 1.0949749 0.5)
(1.28890885 1.0949749 0.5)
(1.3535535 1.0949749 0.5)
(1.41819815 1.0949749 0.5)
(1.4828428 1.0949749 0.5)
(1.54748745 1.0949749 0.5)
(1.6121321 1.0949749 0.5)
(1.67677675 1.0949749 0.5)
(1.7414214 1.0949749 0.5)
(1.80606605 1.0949749 0.5)
(1.8707107 1.0949749 0.5)
(1.93535535 1.0949749 0.5)
(2 1.0949749 0.5)
(0.707107 1.15961955 0.5)
(0.77175165 1.15961955 0.5)
(0.8363963 1.15961955 0.5)
(0.90104095 1.15961955 0.5)
(0.9656856 1.15961955 0.5)
(1.03033025 1.15961955 0.5)
(1.0949749 1.15961955 0.5)
(1.15961955 1.15961955 0.5)
(1.2242642 1.15961955 0.5)
(1.28890885 1.15961955 0.5)
(1.3535535 1.15961955 0.5)
(1.41819815 1.15961955 0.5)
(1.4828428 1.15961955 0.5)
(1.54748745 1.15961955 0.5)
(1.6121321 1.15961955 0.5)
(1.67677675 1.15961955 0.5)
(1.7414214 1.15961955 0.5)
(1.80606605 1.15961955 0.5)
(1.8707107 1.15961955 0.5)
(1.93535535 1.15961955 0.5)
(2 1.15961955 0.5)
(0.707107 1.2242642 0.5)
(0.77175165 1.2242642 0.5)
(0.8363963 1.2242642 0.5)
(0.90104095 1.2242642 0.5)
(0.9656856 1.2242642 0.5)
(1.03033025 1.2242642 0.5)
(1.0949749 1.2242642 0.5)
(1.15961955 1.2242642 0.5)
(1.2242642 1.2242642 0.5)
(1.28890885 1.2242642 0.5)
(1.3535535 1.2242642 0.5)
(1.41819815 1.2242642 0.5)
(1.4828428 1.2242642 0.5)
(1.54748745 1.2242642 0.5)
(1.6121321 1.2242642 0.5)
(1.67677675 1.2242642 0.5)
(1.7414214 1.2242642 0.5)
(1.80606605 1.2242642 0.5)
(1.8707107 1.2242642 0.5)
(1.93535535 1.2242642 0.5)
(2 1.2242642 0.5)
(0.707107 1.28890885 0.5)
(0.77175165 1.28890885 0.5)
(0.8363963 1.28890885 0.5)
(0.90104095 1.28890885 0.5)
(0.9656856 1.28890885 0.5)
(1.03033025 1.28890885 0.5)
(1.0949749 1.28890885 0.5)
(1.15961955 1.28890885 0.5)
(1.2242642 1.28890885 0.5)
(1.28890885 1.28890885 0.5)
(1.3535535 1.28890885 0.5)
(1.41819815 1.28890885 0.5)
(1.4828428 1.28890885 0.5)
(1.54748745 1.28890885 0.5)
(1.6121321 1.28890885 0.5)
(1.67677675 1.28890885 0.5)
(1.7414214 1.28890885 0.5)
(1.80606605 1.28890885 0.5)
(1.8707107 1.28890885 0.5)
(1.93535535 1.28890885 0.5)
(2 1.28890885 0.5)
(0.707107 1.3535535 0.5)
(0.77175165 1.3535535 0.5)
(0.8363963 1.3535535 0.5)
(0.90104095 1.3535535 0.5)
(0.9656856 1.3535535 0.5)
(1.03033025 1.3535535 0.5)
(1.0949749 1.3535535 0.5)
(1.15961955 1.3535535 0.5)
(1.2242642 1.3535535 0.5)
(1.28890885 1.3535535 0.5)
(1.3535535 1.3535535 0.5)
(1.41819815 1.3535535 0.5)
(1.4828428 1.3535535 0.5)
(1.54748745 1.3535535 0.5)
(1.6121321 1.3535535 0.5)
(1.67677675 1.3535535 0.5)
(1.7414214 1.3535535 0.5)
(1.80606605 1.3535535 0.5)
(1.8707107 1.3535535 0.5)
(1.93535535 1.3535535 0.5)
(2 1.3535535 0.5)
(0.707107 1.41819815 0.5)
(0.77175165 1.41819815 0.5)
(0.8363963 1.41819815 0.5)
(0.90104095 1.41819815 0.5)
(0.9656856 1.41819815 0.5)
(1.03033025 1.41819815 0.5)
(1.0949749 1.41819815 0.5)
(1.15961955 1.41819815 0.5)
(1.2242642 1.41819815 0.5)
(1.28890885 1.41819815 0.5)
(1.3535535 1.41819815 0.5)
(1.41819815 1.41819815 0.5)
(1.4828428 1.41819815 0.5)
(1.54748745 1.41819815 0.5)
(1.6121321 1.41819815 0.5)
(1.67677675 1.41819815 0.5)
(1.7414214 1.41819815 0.5)
(1.80606605 1.41819815 0.5)
(1.8707107 1.41819815 0.5)
(1.93535535 1.41819815 0.5)
(2 1.41819815 0.5)
(0.707107 1.4828428 0.5)
(0.77175165 1.4828428 0.5)
(0.8363963 1.4828428 0.5)
(0.90104095 1.4828428 0.5)
(0.9656856 1.4828428 0.5)
(1.03033025 1.4828428 0.5)
(1.0949749 1.4828428 0.5)
(1.15961955 1.4828428 0.5)
(1.2242642 1.4828428 0.5)
(1.28890885 1.4828428 0.5)
(1.3535535 1.4828428 0.5)
(1.41819815 1.4828428 0.5)
(1.4828428 1.4828428 0.5)
(1.54748745 1.4828428 0.5)
(1.6121321 1.4828428 0.5)
(1.67677675 1.4828428 0.5)
(1.7414214 1.4828428 0.5)
(1.80606605 1.4828428 0.5)
(1.8707107 1.4828428 0.5)
(1.93535535 1.4828428 0.5)
(2 1.4828428 0.5)
(0.707107 1.54748745 0.5)
(0.77175165 1.54748745 0.5)
(0.8363963 1.54748745 0.5)
(0.90104095 1.54748745 0.5)
(0.9656856 1.54748745 0.5)
(1.03033025 1.54748745 0.5)
(1.0949749 1.54748745 0.5)
(1.15961955 1.54748745 0.5)
(1.2242642 1.54748745 0.5)
(1.28890885 1.54748745 0.5)
(1.3535535 1.54748745 0.5)
(1.41819815 1.54748745 0.5)
(1.4828428 1.54748745 0.5)
(1.54748745 1.54748745 0.5)
(1.6121321 1.54748745 0.5)
(1.67677675 1.54748745 0.5)
(1.7414214 1.54748745 0.5)
(1.80606605 1.54748745 0.5)
(1.8707107 1.54748745 0.5)
(1.93535535 1.54748745 0.5)
(2 1.54748745 0.5)
(0.707107 1.6121321 0.5)
(0.77175165 1.6121321 0.5)
(0.8363963 1.6121321 0.5)
(0.90104095 1.6121321 0.5)
(0.9656856 1.6121321 0.5)
(1.03033025 1.6121321 0.5)
(1.0949749 1.6121321 0.5)
(1.15961955 1.6121321 0.5)
(1.2242642 1.6121321 0.5)
(1.28890885 1.6121321 0.5)
(1.3535535 1.6121321 0.5)
(1.41819815 1.6121321 0.5)
(1.4828428 1.6121321 0.5)
(1.54748745 1.6121321 0.5)
(1.6121321 1.6121321 0.5)
(1.67677675 1.6121321 0.5)
(1.7414214 1.6121321 0.5)
(1.80606605 1.6121321 0.5)
(1.8707107 1.6121321 0.5)
(1.93535535 1.6121321 0.5)
(2 1.6121321 0.5)
(0.707107 1.67677675 0.5)
(0.77175165 1.67677675 0.5)
(0.8363963 1.67677675 0.5)
(0.90104095 1.67677675 0.5)
(0.9656856 1.67677675 0.5)
(1.03033025 1.67677675 0.5)
(1.0949749 1.67677675 0.5)
(1.15961955 1.67677675 0.5)
(1.2242642 1.67677675 0.5)
(1.28890885 1.67677675 0.5)
(1.3535535 1.67677675 0.5)
(1.41819815 1.67677675 0.5)
(1.4828428 1.67677675 0.5)
(1.54748745 1.67677675 0.5)
(1.6121321 1.67677675 0.5)
(1.67677675 1.67677675 0.5)
(1.7414214 1.67677675 0.5)
(1.80606605 1.67677675 0.5)
(1.8707107 1.67677675 0.5)
(1.93535535 1.67677675 0.5)
(2 1.67677675 0.5)
(0.707107 1.7414214 0.5)
(0.77175165 1.7414214 0.5)
(0.8363963 1.7414214 0.5)
(0.90104095 1.7414214 0.5)
(0.9656856 1.7414214 0.5)
(1.03033025 1.7414214 0.5)
(1.0949749 1.7414214 0.5)
(1.15961955 1.7414214 0.5)
(1.2242642 1.7414214 0.5)
(1.28890885 1.7414214 0.5)
(1.3535535 1.7414214 0.5)
(1.41819815 1.7414214 0.5)
(1.4828428 1.7414214 0.5)
(1.54748745 1.7414214 0.5)
(1.6121321 1.7414214 0.5)
(1.67677675 1.7414214 0.5)
(1.7414214 1.7414214 0.5)
(1.80606605 1.7414214 0.5)
(1.8707107 1.7414214 0.5)
(1.93535535 1.7414214 0.5)
(2 1.7414214 0.5)
(0.707107 1.80606605 0.5)
(0.77175165 1.80606605 0.5)
(0.8363963 1.80606605 0.5)
(0.90104095 1.80606605 0.5)
(0.9656856 1.80606605 0.5)
(1.03033025 1.80606605 0.5)
(1.0949749 1.80606605 0.5)
(1.15961955 1.80606605 0.5)
(1.2242642 1.80606605 0.5)
(1.28890885 1.80606605 0.5)
(1.3535535 1.80606605 0.5)
(1.41819815 1.80606605 0.5)
(1.4828428 1.80606605 0.5)
(1.54748745 1.80606605 0.5)
(1.6121321 1.80606605 0.5)
(1.67677675 1.80606605 0.5)
(1.7414214 1.80606605 0.5)
(1.80606605 1.80606605 0.5)
(1.8707107 1.80606605 0.5)
(1.93535535 1.80606605 0.5)
(2 1.80606605 0.5)
(0.707107 1.8707107 0.5)
(0.77175165 1.8707107 0.5)
(0.8363963 1.8707107 0.5)
(0.90104095 1.8707107 0.5)
(0.9656856 1.8707107 0.5)
(1.03033025 1.8707107 0.5)
(1.0949749 1.8707107 0.5)
(1.15961955 1.8707107 0.5)
(1.2242642 1.8707107 0.5)
(1.28890885 1.8707107 0.5)
(1.3535535 1.8707107 0.5)
(1.41819815 1.8707107 0.5)
(1.4828428 1.8707107 0.5)
(1.54748745 1.8707107 0.5)
(1.6121321 1.8707107 0.5)
(1.67677675 1.8707107 0.5)
(1.7414214 1.8707107 0.5)
(1.80606605 1.8707107 0.5)
(1.8707107 1.8707107 0.5)
(1.93535535 1.8707107 0.5)
(2 1.8707107 0.5)
(0.707107 1.93535535 0.5)
(0.77175165 1.93535535 0.5)
(0.8363963 1.93535535 0.5)
(0.90104095 1.93535535 0.5)
(0.9656856 1.93535535 0.5)
(1.03033025 1.93535535 0.5)
(1.0949749 1.93535535 0.5)
(1.15961955 1.93535535 0.5)
(1.2242642 1.93535535 0.5)
(1.28890885 1.93535535 0.5)
(1.3535535 1.93535535 0.5)
(1.41819815 1.93535535 0.5)
(1.4828428 1.93535535 0.5)
(1.54748745 1.93535535 0.5)
(1.6121321 1.93535535 0.5)
(1.67677675 1.93535535 0.5)
(1.7414214 1.93535535 0.5)
(1.80606605 1.93535535 0.5)
(1.8707107 1.93535535 0.5)
(1.93535535 1.93535535 0.5)
(2 1.93535535 0.5)
(0.707107 2 0.5)
(0.77175165 2 0.5)
(0.8363963 2 0.5)
(0.90104095 2 0.5)
(0.9656856 2 0.5)
(1.03033025 2 0.5)
(1.0949749 2 0.5)
(1.15961955 2 0.5)
(1.2242642 2 0.5)
(1.28890885 2 0.5)
(1.3535535 2 0.5)
(1.41819815 2 0.5)
(1.4828428 2 0.5)
(1.54748745 2 0.5)
(1.6121321 2 0.5)
(1.67677675 2 0.5)
(1.7414214 2 0.5)
(1.80606605 2 0.5)
(1.8707107 2 0.5)
(1.93535535 2 0.5)
(2 2 0.5)
(0 1.05 0)
(0.07807169931 1.047071552 0)
(0.1556838636 1.038304079 0)
(0.2323797839 1.023751635 0)
(0.3077083999 1.003503941 0)
(0.3812270817 0.9776858318 0)
(0.4525043578 0.946456485 0)
(0.5211225761 0.9100084407 0)
(0.5866804785 0.8685664144 0)
(0.6487956747 0.822385911 0)
(0 1.1 0)
(0.0776842783 1.097225681 0)
(0.1549332076 1.088919654 0)
(0.2313141163 1.075133128 0)
(0.3063996842 1.055951102 0)
(0.3797705774 1.031491841 0)
(0.4510180337 1.001906144 0)
(0.5197463827 0.9673764175 0)
(0.5855754849 0.9281155505 0)
(0.648143076 0.8843655999 0)
(0 1.15 0)
(0.07729685728 1.14737981 0)
(0.1541825517 1.139535229 0)
(0.2302484487 1.126514621 0)
(0.3050909684 1.108398263 0)
(0.3783140731 1.08529785 0)
(0.4495317096 1.057355802 0)
(0.5183701892 1.024744394 0)
(0.5844704913 0.9876646866 0)
(0.6474904773 0.9463452888 0)
(0 1.2 0)
(0.07690943626 1.197533939 0)
(0.1534318957 1.190150803 0)
(0.2291827811 1.177896114 0)
(0.3037822526 1.160845424 0)
(0.3768575688 1.139103858 0)
(0.4480453855 1.112805461 0)
(0.5169939957 1.082112371 0)
(0.5833654977 1.047213823 0)
(0.6468378787 1.008324978 0)
(0 1.25 0)
(0.07652201525 1.247688068 0)
(0.1526812397 1.240766378 0)
(0.2281171136 1.229277607 0)
(0.3024735368 1.213292585 0)
(0.3754010645 1.192909867 0)
(0.4465590614 1.16825512 0)
(0.5156178022 1.139480348 0)
(0.5822605041 1.106762959 0)
(0.64618528 1.070304667 0)
(0 1.3 0)
(0.07613459423 1.297842196 0)
(0.1519305837 1.291381953 0)
(0.227051446 1.280659099 0)
(0.301164821 1.265739746 0)
(0.3739445602 1.246715876 0)
(0.4450727373 1.223704778 0)
(0.5142416087 1.196848325 0)
(0.5811555105 1.166312095 0)
(0.6455326813 1.132284356 0)
(0 1.35 0)
(0.07574717321 1.347996325 0)
(0.1511799277 1.341997528 0)
(0.2259857784 1.332040592 0)
(0.2998561052 1.318186907 0)
(0.3724880559 1.300521885 0)
(0.4435864132 1.279154437 0)
(0.5128654153 1.254216302 0)
(0.5800505169 1.225861231 0)
(0.6448800827 1.194264044 0)
(0 1.4 0)
(0.0753597522 1.398150454 0)
(0.1504292718 1.392613103 0)
(0.2249201109 1.383422085 0)
(0.2985473894 1.370634068 0)
(0.3710315516 1.354327894 0)
(0.4421000891 1.334604096 0)
(0.5114892218 1.311584278 0)
(0.5789455233 1.285410367 0)
(0.644227484 1.256243733 0)
(0 1.45 0)
(0.07497233118 1.448304583 0)
(0.1496786158 1.443228677 0)
(0.2238544433 1.434803578 0)
(0.2972386736 1.423081229 0)
(0.3695750473 1.408133903 0)
(0.4406137651 1.390053754 0)
(0.5101130283 1.368952255 0)
(0.5778405297 1.344959503 0)
(0.6435748853 1.318223422 0)
(0 1.5 0)
(0.07458491016 1.498458712 0)
(0.1489279598 1.493844252 0)
(0.2227887757 1.486185071 0)
(0.2959299579 1.47552839 0)
(0.368118543 1.461939911 0)
(0.439127441 1.445503413 0)
(0.5087368348 1.426320232 0)
(0.576735536 1.404508639 0)
(0.6429222867 1.380203111 0)
(0 1.55 0)
(0.07419748915 1.548612841 0)
(0.1481773038 1.544459827 0)
(0.2217231081 1.537566564 0)
(0.2946212421 1.527975551 0)
(0.3666620387 1.51574592 0)
(0.4376411169 1.500953072 0)
(0.5073606413 1.483688209 0)
(0.5756305424 1.464057775 0)
(0.642269688 1.4421828 0)
(0 1.6 0)
(0.07381006813 1.598766969 0)
(0.1474266478 1.595075402 0)
(0.2206574406 1.588948057 0)
(0.2933125263 1.580422712 0)
(0.3652055344 1.569551929 0)
(0.4361547928 1.556402731 0)
(0.5059844478 1.541056186 0)
(0.5745255488 1.523606911 0)
(0.6416170893 1.504162489 0)
(0 1.65 0)
(0.07342264711 1.648921098 0)
(0.1466759919 1.645690976 0)
(0.219591773 1.64032955 0)
(0.2920038105 1.632869873 0)
(0.3637490301 1.623357938 0)
(0.4346684687 1.611852389 0)
(0.5046082544 1.598424162 0)
(0.5734205552 1.583156047 0)
(0.6409644907 1.566142178 0)
(0 1.7 0)
(0.0730352261 1.699075227 0)
(0.1459253359 1.696306551 0)
(0.2185261054 1.691711043 0)
(0.2906950947 1.685317034 0)
(0.3622925258 1.677163947 0)
(0.4331821446 1.667302048 0)
(0.5032320609 1.655792139 0)
(0.5723155616 1.642705184 0)
(0.640311892 1.628121867 0)
(0 1.75 0)
(0.07264780508 1.749229356 0)
(0.1451746799 1.746922126 0)
(0.2174604379 1.743092536 0)
(0.2893863789 1.737764195 0)
(0.3608360215 1.730969956 0)
(0.4316958205 1.722751707 0)
(0.5018558674 1.713160116 0)
(0.571210568 1.70225432 0)
(0.6396592933 1.690101556 0)
(0 1.8 0)
(0.07226038407 1.799383485 0)
(0.1444240239 1.797537701 0)
(0.2163947703 1.794474028 0)
(0.2880776631 1.790211356 0)
(0.3593795172 1.784775965 0)
(0.4302094964 1.778201365 0)
(0.5004796739 1.770528093 0)
(0.5701055744 1.761803456 0)
(0.6390066947 1.752081244 0)
(0 1.85 0)
(0.07187296305 1.849537614 0)
(0.1436733679 1.848153276 0)
(0.2153291027 1.845855521 0)
(0.2867689474 1.842658517 0)
(0.3579230129 1.838581973 0)
(0.4287231723 1.833651024 0)
(0.4991034804 1.82789607 0)
(0.5690005808 1.821352592 0)
(0.638354096 1.814060933 0)
(0 1.9 0)
(0.07148554203 1.899691742 0)
(0.142922712 1.89876885 0)
(0.2142634351 1.897237014 0)
(0.2854602316 1.895105678 0)
(0.3564665086 1.892387982 0)
(0.4272368482 1.889100683 0)
(0.497727287 1.885264046 0)
(0.5678955872 1.880901728 0)
(0.6377014973 1.876040622 0)
(0 1.95 0)
(0.07109812102 1.949845871 0)
(0.142172056 1.949384425 0)
(0.2131977676 1.948618507 0)
(0.2841515158 1.947552839 0)
(0.3550100043 1.946193991 0)
(0.4257505241 1.944550341 0)
(0.4963510935 1.942632023 0)
(0.5667905936 1.940450864 0)
(0.6370488987 1.938020311 0)
(0 2 0)
(0.0707107 2 0)
(0.1414214 2 0)
(0.2121321 2 0)
(0.2828428 2 0)
(0.3535535 2 0)
(0.4242642 2 0)
(0.4949749 2 0)
(0.5656856 2 0)
(0.6363963 2 0)
(0 1.05 0.5)
(0.07807169931 1.047071552 0.5)
(0.1556838636 1.038304079 0.5)
(0.2323797839 1.023751635 0.5)
(0.3077083999 1.003503941 0.5)
(0.3812270817 0.9776858318 0.5)
(0.4525043578 0.946456485 0.5)
(0.5211225761 0.9100084407 0.5)
(0.5866804785 0.8685664144 0.5)
(0.6487956747 0.822385911 0.5)
(0 1.1 0.5)
(0.0776842783 1.097225681 0.5)
(0.1549332076 1.088919654 0.5)
(0.2313141163 1.075133128 0.5)
(0.3063996842 1.055951102 0.5)
(0.3797705774 1.031491841 0.5)
(0.4510180337 1.001906144 0.5)
(0.5197463827 0.9673764175 0.5)
(0.5855754849 0.9281155505 0.5)
(0.648143076 0.8843655999 0.5)
(0 1.15 0.5)
(0.07729685728 1.14737981 0.5)
(0.1541825517 1.139535229 0.5)
(0.2302484487 1.126514621 0.5)
(0.3050909684 1.108398263 0.5)
(0.3783140731 1.08529785 0.5)
(0.4495317096 1.057355802 0.5)
(0.5183701892 1.024744394 0.5)
(0.5844704913 0.9876646866 0.5)
(0.6474904773 0.9463452888 0.5)
(0 1.2 0.5)
(0.07690943626 1.197533939 0.5)
(0.1534318957 1.190150803 0.5)
(0.2291827811 1.177896114 0.5)
(0.3037822526 1.160845424 0.5)
(0.3768575688 1.139103858 0.5)
(0.4480453855 1.112805461 0.5)
(0.5169939957 1.082112371 0.5)
(0.5833654977 1.047213823 0.5)
(0.6468378787 1.008324978 0.5)
(0 1.25 0.5)
(0.07652201525 1.247688068 0.5)
(0.1526812397 1.240766378 0.5)
(0.2281171136 1.229277607 0.5)
(0.3024735368 1.213292585 0.5)
(0.3754010645 1.192909867 0.5)
(0.4465590614 1.16825512 0.5)
(0.5156178022 1.139480348 0.5)
(0.5822605041 1.106762959 0.5)
(0.64618528 1.070304667 0.5)
(0 1.3 0.5)
(0.07613459423 1.297842196 0.5)
(0.1519305837 1.291381953 0.5)
(0.227051446 1.280659099 0.5)
(0.301164821 1.265739746 0.5)
(0.3739445602 1.246715876 0.5)
(0.4450727373 1.223704778 0.5)
(0.5142416087 1.196848325 0.5)
(0.5811555105 1.166312095 0.5)
(0.6455326813 1.132284356 0.5)
(0 1.35 0.5)
(0.07574717321 1.347996325 0.5)
(0.1511799277 1.341997528 0.5)
(0.2259857784 1.332040592 0.5)
(0.2998561052 1.318186907 0.5)
(0.3724880559 1.300521885 0.5)
(0.4435864132 1.279154437 0.5)
(0.5128654153 1.254216302 0.5)
(0.5800505169 1.225861231 0.5)
(0.6448800827 1.194264044 0.5)
(0 1.4 0.5)
(0.0753597522 1.398150454 0.5)
(0.1504292718 1.392613103 0.5)
(0.2249201109 1.383422085 0.5)
(0.2985473894 1.370634068 0.5)
(0.3710315516 1.354327894 0.5)
(0.4421000891 1.334604096 0.5)
(0.5114892218 1.311584278 0.5)
(0.5789455233 1.285410367 0.5)
(0.644227484 1.256243733 0.5)
(0 1.45 0.5)
(0.07497233118 1.448304583 0.5)
(0.1496786158 1.443228677 0.5)
(0.2238544433 1.434803578 0.5)
(0.2972386736 1.423081229 0.5)
(0.3695750473 1.408133903 0.5)
(0.4406137651 1.390053754 0.5)
(0.5101130283 1.368952255 0.5)
(0.5778405297 1.344959503 0.5)
(0.6435748853 1.318223422 0.5)
(0 1.5 0.5)
(0.07458491016 1.498458712 0.5)
(0.1489279598 1.493844252 0.5)
(0.2227887757 1.486185071 0.5)
(0.2959299579 1.47552839 0.5)
(0.368118543 1.461939911 0.5)
(0.439127441 1.445503413 0.5)
(0.5087368348 1.426320232 0.5)
(0.576735536 1.404508639 0.5)
(0.6429222867 1.380203111 0.5)
(0 1.55 0.5)
(0.07419748915 1.548612841 0.5)
(0.1481773038 1.544459827 0.5)
(0.2217231081 1.537566564 0.5)
(0.2946212421 1.527975551 0.5)
(0.3666620387 1.51574592 0.5)
(0.4376411169 1.500953072 0.5)
(0.5073606413 1.483688209 0.5)
(0.5756305424 1.464057775 0.5)
(0.642269688 1.4421828 0.5)
(0 1.6 0.5)
(0.07381006813 1.598766969 0.5)
(0.1474266478 1.595075402 0.5)
(0.2206574406 1.588948057 0.5)
(0.2933125263 1.580422712 0.5)
(0.3652055344 1.569551929 0.5)
(0.4361547928 1.556402731 0.5)
(0.5059844478 1.541056186 0.5)
(0.5745255488 1.523606911 0.5)
(0.6416170893 1.504162489 0.5)
(0 1.65 0.5)
(0.07342264711 1.648921098 0.5)
(0.1466759919 1.645690976 0.5)
(0.219591773 1.64032955 0.5)
(0.2920038105 1.632869873 0.5)
(0.3637490301 1.623357938 0.5)
(0.4346684687 1.611852389 0.5)
(0.5046082544 1.598424162 0.5)
(0.5734205552 1.583156047 0.5)
(0.6409644907 1.566142178 0.5)
(0 1.7 0.5)
(0.0730352261 1.699075227 0.5)
(0.1459253359 1.696306551 0.5)
(0.2185261054 1.691711043 0.5)
(0.2906950947 1.685317034 0.5)
(0.3622925258 1.677163947 0.5)
(0.4331821446 1.667302048 0.5)
(0.5032320609 1.655792139 0.5)
(0.5723155616 1.642705184 0.5)
(0.640311892 1.628121867 0.5)
(0 1.75 0.5)
(0.07264780508 1.749229356 0.5)
(0.1451746799 1.746922126 0.5)
(0.2174604379 1.743092536 0.5)
(0.2893863789 1.737764195 0.5)
(0.3608360215 1.730969956 0.5)
(0.4316958205 1.722751707 0.5)
(0.5018558674 1.713160116 0.5)
(0.571210568 1.70225432 0.5)
(0.6396592933 1.690101556 0.5)
(0 1.8 0.5)
(0.07226038407 1.799383485 0.5)
(0.1444240239 1.797537701 0.5)
(0.2163947703 1.794474028 0.5)
(0.2880776631 1.790211356 0.5)
(0.3593795172 1.784775965 0.5)
(0.4302094964 1.778201365 0.5)
(0.5004796739 1.770528093 0.5)
(0.5701055744 1.761803456 0.5)
(0.6390066947 1.752081244 0.5)
(0 1.85 0.5)
(0.07187296305 1.849537614 0.5)
(0.1436733679 1.848153276 0.5)
(0.2153291027 1.845855521 0.5)
(0.2867689474 1.842658517 0.5)
(0.3579230129 1.838581973 0.5)
(0.4287231723 1.833651024 0.5)
(0.4991034804 1.82789607 0.5)
(0.5690005808 1.821352592 0.5)
(0.638354096 1.814060933 0.5)
(0 1.9 0.5)
(0.07148554203 1.899691742 0.5)
(0.142922712 1.89876885 0.5)
(0.2142634351 1.897237014 0.5)
(0.2854602316 1.895105678 0.5)
(0.3564665086 1.892387982 0.5)
(0.4272368482 1.889100683 0.5)
(0.497727287 1.885264046 0.5)
(0.5678955872 1.880901728 0.5)
(0.6377014973 1.876040622 0.5)
(0 1.95 0.5)
(0.07109812102 1.949845871 0.5)
(0.142172056 1.949384425 0.5)
(0.2131977676 1.948618507 0.5)
(0.2841515158 1.947552839 0.5)
(0.3550100043 1.946193991 0.5)
(0.4257505241 1.944550341 0.5)
(0.4963510935 1.942632023 0.5)
(0.5667905936 1.940450864 0.5)
(0.6370488987 1.938020311 0.5)
(0 2 0.5)
(0.0707107 2 0.5)
(0.1414214 2 0.5)
(0.2121321 2 0.5)
(0.2828428 2 0.5)
(0.3535535 2 0.5)
(0.4242642 2 0.5)
(0.4949749 2 0.5)
(0.5656856 2 0.5)
(0.6363963 2 0.5)
)


// ************************************************************************* //
