 MeshVersionFormatted 2
 Dimension
 3
 Vertices
 281
 -3.6739403974421E-16                         2                         0      1
                    2       4.8985871965894E-16                         0      2
                    1       2.4492935982947E-16                         0      3
  -1.836970198721E-16                         1                         0      4
     0.14267836639847           1.9949042292205                         0      1
     0.28462967654657           1.9796428837619                         0      1
     0.42513057910595           1.9542937319423                         0      1
     0.56346511368286            1.918985947229                         0      1
      0.6989283591982           1.8738994499995                         0      1
     0.83083002600377            1.819263990709                         0      1
     0.95849797344011           1.7553579791345                         0      1
      1.0812816349112           1.6825070656624                         0      1
      1.1985553330227           1.6010824818487                         0      1
      1.3097214678906           1.5114991487085                         0      1
      1.4142135623731           1.4142135623731                         0      1
      1.5114991487085           1.3097214678906                         0      1
      1.6010824818487           1.1985553330227                         0      1
      1.6825070656624           1.0812816349112                         0      1
      1.7553579791345          0.95849797344012                         0      1
       1.819263990709          0.83083002600378                         0      1
      1.8738994499995           0.6989283591982                         0      1
       1.918985947229          0.56346511368286                         0      1
      1.9542937319423          0.42513057910595                         0      1
      1.9796428837619          0.28462967654657                         0      1
      1.9949042292205          0.14267836639847                         0      1
                1.125       2.7554552980815E-16                         0      2
                 1.25       3.0616169978684E-16                         0      2
                1.375       3.3677786976552E-16                         0      2
                  1.5       3.6739403974421E-16                         0      2
                1.625       3.9801020972289E-16                         0      2
                 1.75       4.2862637970157E-16                         0      2
                1.875       4.5924254968026E-16                         0      2
     0.13052619222005          0.99144486137381                         0      3
     0.25881904510252          0.96592582628907                         0      3
     0.38268343236509          0.92387953251129                         0      3
                  0.5          0.86602540378444                         0      3
     0.60876142900872          0.79335334029124                         0      3
     0.70710678118655          0.70710678118655                         0      3
     0.79335334029123          0.60876142900872                         0      3
     0.86602540378444                       0.5                         0      3
     0.92387953251129          0.38268343236509                         0      3
     0.96592582628907          0.25881904510252                         0      3
     0.99144486137381          0.13052619222005                         0      3
 -3.4443191226019E-16                     1.875                         0      4
 -3.2146978477618E-16                      1.75                         0      4
 -2.9850765729217E-16                     1.625                         0      4
 -2.7554552980815E-16                       1.5                         0      4
 -2.5258340232414E-16                     1.375                         0      4
 -2.2962127484013E-16                      1.25                         0      4
 -2.0665914735612E-16                     1.125                         0      4
     0.87282623255249           1.1466072602929                         0      1
     0.54265726890937           1.3851053029053                         0      1
      1.3851053029053          0.54265726890938                         0      1
      1.0563029951877           1.0368671859656                         0      1
     0.77312731305193           1.3605780245181                         0      1
      1.3035894668141          0.83183110577113                         0      1
     0.29753506528238           1.4933112019556                         0      1
      1.4929220334101           0.2964810398755                         0      1
     0.36435503768246           1.7552954332883                         0      1
      1.7552176182552          0.36414425085496                         0      1
      1.2436702012234          0.17842687950723                         0      1
     0.17842687950721           1.2436702012234                         0      1
     0.18930247985227           1.6956507140814                         0      1
      1.6955573269553          0.18904952671105                         0      1
      1.1178402762472         0.098874558326876                         0      1
    0.098874558326871           1.1178402762472                         0      1
     0.59278557973603           1.1218781607943                         0      1
      1.1082534542441          0.55589124491614                         0      1
     0.77977284812188          0.94699545098083                         0      1
     0.97019850940659          0.76313804747062                         0      1
     0.37740608412783           1.2331203555232                         0      1
      1.2303954772846           0.3700273301169                         0      1
     0.54067708422943           1.6475138688041                         0      1
      1.6475138688041          0.54067708422943                         0      1
      1.4725734600015           1.0600566780009                         0      1
      1.0469395441756           1.3493538492806                         0      1
     0.72041857319271           1.5514440600071                         0      1
      1.5400463742243          0.73215938726963                         0      1
      1.2834424292742            1.183226521908                         0      1
     0.89052329232457           1.5526321998193                         0      1
       1.563598535765          0.90723516899787                         0      1
     0.14231483827328           1.8648214418809                         0      1
      1.8648214418809          0.14231483827329                         0      1
     0.46391007568266           1.8371406902586                         0      1
     0.32449235711452           1.8674691585251                         0      1
      1.8371017827421          0.46380468226891                         0      1
      1.8674302510085          0.32438696370076                         0      1
      1.3718351006117         0.089213439753616                         0      1
      1.2468351006117         0.089213439753616                         0      1
      1.4964610167051          0.14824051993775                         0      1
      1.3682961173167          0.23745395969137                         0      1
    0.089213439753607           1.3718351006117                         0      1
      0.2379809723948           1.3684907015895                         0      1
     0.14876753264119           1.4966556009778                         0      1
    0.089213439753607           1.2468351006117                         0      1
     0.23696607819942           1.8376467989216                         0      1
    0.094651239926133           1.7228253570407                         0      1
    0.094651239926132           1.5978253570407                         0      1
     0.27682875876736           1.7254730736848                         0      1
      1.8376001053586          0.23683960162881                         0      1
      1.7227786634776         0.094524763355523                         0      1
      1.5977786634776         0.094524763355523                         0      1
      1.7253874726052            0.276596888783                         0      1
      1.1839201381236         0.049437279163438                         0      1
      1.0589201381236         0.049437279163438                         0      1
      1.0418830512681           0.1788468017147                         0      1
      1.1807552387353          0.13865071891705                         0      1
      1.1047980137562          0.21862296230488                         0      1
      0.1788468017147           1.0418830512681                         0      1
    0.049437279163435           1.0589201381236                         0      1
    0.049437279163435           1.1839201381236                         0      1
     0.13865071891704           1.1807552387353                         0      1
     0.21862296230487           1.1047980137562                         0      1
     0.54639278986802          0.99395178228936                         0      1
     0.42580231241928           1.0439019935417                         0      1
     0.98713942901427          0.52794562245807                         0      1
      1.0370896402666          0.40735514500933                         0      1
     0.74343981465421          0.82705111608369                         0      1
     0.63988642406094          0.90651042738263                         0      1
     0.83865264529657          0.73512241432858                         0      1
     0.91811195659551          0.63156902373531                         0      1
      0.4600316765186           1.3091128292142                         0      1
     0.48509583193193           1.1774992581587                         0      1
      0.5677214243227           1.2534917318498                         0      1
     0.42009616709587           1.4392082524305                         0      1
      0.3374705747051           1.3632157787394                         0      1
     0.31811256461517           1.0995230909061                         0      1
       1.307750390095          0.45634229951314                         0      1
      1.2466793785747          0.54927425691276                         0      1
      1.1693244657644          0.46295928751652                         0      1
      1.3616587553474           0.3332541849962                         0      1
      1.4390136681577          0.41956915439244                         0      1
      1.0981606517868          0.31442318760971                         0      1
     0.55207109895614           1.7832499080165                         0      1
      0.6857535551166           1.7333889297565                         0      1
      1.7832499080165          0.55207109895615                         0      1
      1.7333889297565           0.6857535551166                         0      1
      1.5775402628319           1.0706691564561                         0      1
       1.492036304355           1.1848890729457                         0      1
     0.63153792105104           1.4682746814562                         0      1
     0.63054782871107           1.5994789644056                         0      1
      0.5416671765694           1.5163095858547                         0      1
     0.77562429959824           1.6853540253581                         0      1
      1.4625758385648           0.6374083280895                         0      1
      1.5163095858547          0.54166717656941                         0      1
      1.5937801215142          0.63641823574953                         0      1
      1.6796551824667           0.7814947066367                         0      1
     0.98590246361788           1.6175696327408                         0      1
     0.86067665916417           1.6859480952642                         0      1
      1.6230528007137          0.99425840195453                         0      1
       1.691431263237          0.86903259750082                         0      1
      1.3974707889914           1.2464739948993                         0      1
      1.3780079446378           1.1216415999545                         0      1
      1.2965819485824           1.3473628353083                         0      1
      1.5180859978833          0.98364592349939                         0      1
     0.80547093275864           1.5520381299132                         0      1
      1.5518224549947          0.81969727813375                         0      1
      1.1783305060331           1.4304264989946                         0      1
      1.1651909867249           1.2662901855943                         0      1
     0.68627921392895           1.0344368058876                         0      1
     0.68295644639398           1.2412280926562                         0      1
     0.73280590614426           1.1342427105436                         0      1
     0.82297677280221           1.2535926424055                         0      1
     0.82629954033718           1.0468013556369                         0      1
      1.0392259818253          0.65951464619338                         0      1
     0.87498567876423          0.85506674922572                         0      1
      1.0132507522971          0.90000261671812                         0      1
     0.91803792165478          0.99193131847323                         0      1
     0.45251606095595           1.7014046510462                         0      1
     0.41910607475591           1.5704125353798                         0      1
     0.33094505148242           1.6243033176219                         0      1
      1.7013657435296          0.45241066754219                         0      1
      1.5702179511071          0.41857906205247                         0      1
      1.6240698258327          0.33031264536523                         0      1
     0.27791648181752           1.2383952783733                         0      1
       1.237032839254          0.27422710481206                         0      1
     0.95988288836404           1.2479805547868                         0      1
     0.96456461387008           1.0917372231293                         0      1
      1.0516212696816           1.1931105176231                         0      1
      1.1698727122309           1.1100468539368                         0      1
      1.2935159480441           1.0075288138396                         0      1
      1.1799462310009          0.93434914586838                         0      1
      1.1368939881103          0.79748457662087                         0      1
      1.2059214605291          0.69386117534363                         0      1
      1.3880814634078          0.94594389188602                         0      1
     0.65789229098065           1.3728416637117                         0      1
     0.74677294312232           1.4560110422626                         0      1
     0.83182530268825           1.4566051121687                         0      1
      1.4218179205192          0.78199524652038                         0      1
      1.3443473848597          0.68724418734026                         0      1
      1.4335940012896           0.8695331373845                         0      1
      1.0641105895434           1.5159304574715                         0      1
     0.96873141825008             1.45099302455                         0      1
     0.91003342861376           1.3549659368993                         0      1
     0.24341877256732           1.5944809580185                         0      1
      1.5942396801827          0.24276528329327                         0      1
     0.09493738805706           1.9107279841516                         0      1
      1.9107279841516         0.094937388057052                         0      1
      0.4043319777356           1.8854727359987                         0      1
      1.8854467991426            0.404261717569                         0      1
      1.3312225753432         0.059470428791947                         0      1
      1.4121964245018          0.15829987593259                         0      1
     0.15865121005771           1.4123261440832                         0      1
    0.059470428791938           1.3312225753432                         0      1
     0.15797799118862           1.8084319552421                         0      1
    0.063097684719559           1.6485497969943                         0      1
     0.27943012823767           1.8101970361921                         0      1
      1.8084008272208          0.15789367446881                         0      1
      1.6485186689068         0.063013368573234                         0      1
      1.8101399704148          0.27927554987253                         0      1
      1.1226117756946          0.03295361855375                         0      1
      1.1091457712866          0.17870692981569                         0      1
      1.0293345601334          0.11941576815666                         0      1
      1.2038355883525         0.092430983707379                         0      1
     0.11941576815666           1.0293345601334                         0      1
    0.092430983707372           1.2038355883525                         0      1
    0.032953618553749           1.1226117756946                         0      1
     0.17870692981568           1.1091457712866                         0      1
     0.45107887968676          0.98592597083423                         0      1
     0.98138424108418          0.43878071670694                         0      1
     0.66315823151493          0.84117048538143                         0      1
     0.84890503085829          0.65761348665736                         0      1
     0.50428507785887           1.2467037312563                         0      1
     0.40586744839692           1.3705139360695                         0      1
      0.4096688451688           1.1069741892394                         0      1
      1.2412542227687          0.48952767133569                         0      1
      1.3694760122715          0.40305658927714                         0      1
      1.1015240270964          0.39491097407215                         0      1
     0.64528976949313           1.7960527826951                         0      1
      1.7960527826951          0.64528976949313                         0      1
      1.5562086254006           1.1508642784573                         0      1
     0.60125238352905           1.5280221290062                         0      1
     0.69731055384104           1.6727419954953                         0      1
      1.5242229589008          0.60516605453127                         0      1
      1.6689427471142          0.70122414506935                         0      1
     0.93462065988372           1.6855489949707                         0      1
      1.6892043451575          0.94019115961437                         0      1
      1.4225068671631             1.18433677689                         0      1
      1.3688243266884           1.3354189080843                         0      1
      1.5728943164242           1.0161924575823                         0      1
      0.8139249912801           1.6411142473361                         0      1
      1.6409704705103          0.82340921813013                         0      1
      1.2133700944224           1.3480286473683                         0      1
     0.62418862268335          0.97830224032684                         0      1
     0.74625131070027           1.2096927845986                         0      1
     0.74846598516785           1.0718314601237                         0      1
     0.98149444345102          0.60634502994238                         0      1
      0.8190272566839          0.80574795944306                         0      1
     0.93543124315255          0.91567334119938                         0      1
     0.48950048426435           1.7739328541848                         0      1
     0.40085756325947           1.6320418347409                         0      1
     0.46029168677029           1.5086452880461                         0      1
      1.7739069173448          0.48943022405293                         0      1
      1.6318861877463          0.40043597194814                         0      1
      1.5085155783601          0.45994035641511                         0      1
     0.27154991821268           1.1475718104605                         0      1
      0.2844561950463           1.3233679453309                         0      1
      1.1466635939856          0.26909042781924                         0      1
      1.3223299701817          0.28164531410149                         0      1
      0.9920240016776            1.177610376363                         0      1
     0.90297218615023            1.043494716859                         0      1
      1.1288951715988           1.1898160103599                         0      1
      1.2144458139593           1.0173093459361                         0      1
      1.1100360461729           0.8772844308244                         0      1
      1.1273549478597          0.71696094390755                         0      1
      1.3532019890849           1.0250386748232                         0      1
     0.67873618595033           1.4323772725288                         0      1
     0.63619421510849           1.2891914661819                         0      1
      0.7946900909704           1.4882180943557                         0      1
      1.4095821550465           0.7022180588266                         0      1
      1.2656553945745          0.64346571883206                         0      1
       1.469077997381          0.82374217866559                         0      1
      1.4465868996688          0.93304124707942                         0      1
      1.1464930221284           1.5151363778885                         0      1
       1.006249823783           1.5281657965676                         0      1
     0.89763227510211           1.2855139747286                         0      1
     0.90353072002656           1.4208549624642                         0      1
      0.1622764643766           1.5629863216579                         0      1
     0.28373143596852           1.6480863617754                         0      1
      1.5628254739037          0.16184081097181                         0      1
      1.6478995787762          0.28322551979826                         0      1
 Edges
 50
 1 5 1
 5 6 1
 6 7 1
 7 8 1
 8 9 1
 9 10 1
 10 11 1
 11 12 1
 12 13 1
 13 14 1
 14 15 1
 15 16 1
 16 17 1
 17 18 1
 18 19 1
 19 20 1
 20 21 1
 21 22 1
 22 23 1
 23 24 1
 24 25 1
 25 2 1
 3 26 2
 26 27 2
 27 28 2
 28 29 2
 29 30 2
 30 31 2
 31 32 2
 32 2 2
 4 33 3
 33 34 3
 34 35 3
 35 36 3
 36 37 3
 37 38 3
 38 39 3
 39 40 3
 40 41 3
 41 42 3
 42 43 3
 43 3 3
 1 44 4
 44 45 4
 45 46 4
 46 47 4
 47 48 4
 48 49 4
 49 50 4
 50 4 4
 Quadrilaterals
 255
 1 44 197 5 1
 44 45 82 197 1
 5 197 82 6 1
 24 83 198 25 1
 83 31 32 198 1
 25 198 32 2 1
 59 84 199 85 1
 84 8 7 199 1
 85 199 7 6 1
 22 86 200 23 1
 86 60 87 200 1
 23 200 87 24 1
 29 88 201 28 1
 88 61 89 201 1
 28 201 89 27 1
 61 88 202 91 1
 88 29 90 202 1
 91 202 90 58 1
 47 92 203 94 1
 92 62 93 203 1
 94 203 93 57 1
 62 92 204 95 1
 92 47 48 204 1
 95 204 48 49 1
 63 96 205 97 1
 96 6 82 205 1
 97 205 82 45 1
 47 98 206 46 1
 98 63 97 206 1
 46 206 97 45 1
 6 96 207 85 1
 96 63 99 207 1
 85 207 99 59 1
 24 100 208 83 1
 100 64 101 208 1
 83 208 101 31 1
 64 102 209 101 1
 102 29 30 209 1
 101 209 30 31 1
 64 100 210 103 1
 100 24 87 210 1
 103 210 87 60 1
 27 104 211 26 1
 104 65 105 211 1
 26 211 105 3 1
 42 106 212 108 1
 106 65 107 212 1
 108 212 107 61 1
 65 106 213 105 1
 106 42 43 213 1
 105 213 43 3 1
 65 104 214 107 1
 104 27 89 214 1
 107 214 89 61 1
 34 109 215 33 1
 109 66 110 215 1
 33 215 110 4 1
 49 111 216 95 1
 111 66 112 216 1
 95 216 112 62 1
 66 111 217 110 1
 111 49 50 217 1
 110 217 50 4 1
 66 109 218 112 1
 109 34 113 218 1
 112 218 113 62 1
 36 114 219 35 1
 114 67 115 219 1
 35 219 115 34 1
 68 116 220 117 1
 116 40 41 220 1
 117 220 41 42 1
 38 118 221 37 1
 118 69 119 221 1
 37 221 119 36 1
 70 120 222 121 1
 120 38 39 222 1
 121 222 39 40 1
 52 122 223 124 1
 122 71 123 223 1
 124 223 123 67 1
 71 122 224 126 1
 122 52 125 224 1
 126 224 125 57 1
 71 127 225 123 1
 127 34 115 225 1
 123 225 115 67 1
 72 128 226 130 1
 128 53 129 226 1
 130 226 129 68 1
 53 128 227 132 1
 128 72 131 227 1
 132 227 131 58 1
 42 133 228 117 1
 133 72 130 228 1
 117 228 130 68 1
 8 134 229 9 1
 134 73 135 229 1
 9 229 135 10 1
 74 136 230 137 1
 136 22 21 230 1
 137 230 21 20 1
 75 138 231 139 1
 138 18 17 231 1
 139 231 17 16 1
 52 140 232 142 1
 140 77 141 232 1
 142 232 141 73 1
 77 143 233 141 1
 143 10 135 233 1
 141 233 135 73 1
 78 144 234 146 1
 144 53 145 234 1
 146 234 145 74 1
 20 147 235 137 1
 147 78 146 235 1
 137 235 146 74 1
 80 148 236 149 1
 148 12 11 236 1
 149 236 11 10 1
 18 150 237 19 1
 150 81 151 237 1
 19 237 151 20 1
 16 152 238 139 1
 152 79 153 238 1
 139 238 153 75 1
 79 152 239 154 1
 152 16 15 239 1
 154 239 15 14 1
 81 150 240 155 1
 150 18 138 240 1
 155 240 138 75 1
 10 143 241 149 1
 143 77 156 241 1
 149 241 156 80 1
 78 147 242 157 1
 147 20 151 242 1
 157 242 151 81 1
 14 158 243 154 1
 158 76 159 243 1
 154 243 159 79 1
 67 114 244 160 1
 114 36 119 244 1
 160 244 119 69 1
 55 161 245 163 1
 161 67 162 245 1
 163 245 162 51 1
 51 162 246 164 1
 162 67 160 246 1
 164 246 160 69 1
 40 116 247 121 1
 116 68 165 247 1
 121 247 165 70 1
 38 120 248 118 1
 120 70 166 248 1
 118 248 166 69 1
 70 167 249 166 1
 167 54 168 249 1
 166 249 168 69 1
 73 134 250 169 1
 134 8 84 250 1
 169 250 84 59 1
 57 170 251 171 1
 170 73 169 251 1
 171 251 169 59 1
 73 170 252 142 1
 170 57 125 252 1
 142 252 125 52 1
 22 136 253 86 1
 136 74 172 253 1
 86 253 172 60 1
 74 173 254 172 1
 173 58 174 254 1
 172 254 174 60 1
 58 173 255 132 1
 173 74 145 255 1
 132 255 145 53 1
 34 127 256 113 1
 127 71 175 256 1
 113 256 175 62 1
 71 126 257 175 1
 126 57 93 257 1
 175 257 93 62 1
 72 133 258 176 1
 133 42 108 258 1
 176 258 108 61 1
 58 131 259 91 1
 131 72 176 259 1
 91 259 176 61 1
 76 177 260 179 1
 177 51 178 260 1
 179 260 178 54 1
 69 168 261 164 1
 168 54 178 261 1
 164 261 178 51 1
 76 179 262 159 1
 179 54 180 262 1
 159 262 180 79 1
 56 181 263 182 1
 181 79 180 263 1
 182 263 180 54 1
 54 167 264 182 1
 167 70 183 264 1
 182 264 183 56 1
 68 184 265 165 1
 184 56 183 265 1
 165 265 183 70 1
 79 181 266 153 1
 181 56 185 266 1
 153 266 185 75 1
 77 140 267 187 1
 140 52 186 267 1
 187 267 186 55 1
 67 161 268 124 1
 161 55 186 268 1
 124 268 186 52 1
 77 187 269 156 1
 187 55 188 269 1
 156 269 188 80 1
 53 144 270 190 1
 144 78 189 270 1
 190 270 189 56 1
 56 184 271 190 1
 184 68 129 271 1
 190 271 129 53 1
 56 189 272 191 1
 189 78 157 272 1
 191 272 157 81 1
 56 191 273 185 1
 191 81 155 273 1
 185 273 155 75 1
 12 192 274 13 1
 192 76 158 274 1
 13 274 158 14 1
 12 148 275 192 1
 148 80 193 275 1
 192 275 193 76 1
 51 177 276 163 1
 177 76 194 276 1
 163 276 194 55 1
 80 188 277 193 1
 188 55 194 277 1
 193 277 194 76 1
 63 98 278 195 1
 98 47 94 278 1
 195 278 94 57 1
 59 99 279 171 1
 99 63 195 279 1
 171 279 195 57 1
 29 102 280 90 1
 102 64 196 280 1
 90 280 196 58 1
 64 103 281 196 1
 103 60 174 281 1
 196 281 174 58 1
 End
